ID            : 5942
TypeExp       : DISNEU
TypeTheo      : SIG
TypeCurrent   : CCWP
A1            : 56
A2            : 0
Z1            : 26
Z2            : 0
KinVar        : [X, Q2, Y ]

X	Q2	Y	data	theory	totError	totErrorUncor	chi2Naive	chi2Corr
0.125	4.514	0.550	1.50764	1.70120	0.09218	0.07836	6.62147	5.94361
0.175	4.022	0.350	1.58899	1.71235	0.07165	0.06283	5.58676	3.77871
0.175	5.171	0.450	1.52000	1.69130	0.06668	0.06474	10.42638	6.72270
0.175	6.320	0.550	1.63739	1.66902	0.11989	0.08935	0.43444	0.04964
0.225	5.171	0.350	1.57149	1.58590	0.08281	0.06673	0.52316	0.04062
0.225	6.648	0.450	1.42937	1.56135	0.07360	0.06740	5.54743	3.56915
0.225	8.125	0.550	1.50146	1.53804	0.10184	0.09368	0.61781	0.11752
0.275	6.320	0.350	1.26769	1.40496	0.11774	0.06307	2.18326	4.81619
0.275	8.125	0.450	1.43555	1.37816	0.08236	0.07345	0.03698	0.52874
0.275	9.931	0.550	1.19870	1.35440	0.12068	0.09032	2.48936	2.85483
0.350	8.043	0.350	1.04629	1.09405	0.05163	0.04415	2.28558	0.88753
0.350	10.340	0.450	1.04731	1.06610	0.05441	0.04948	0.81460	0.13908
0.450	10.340	0.350	0.64167	0.69661	0.04027	0.03767	3.33155	1.96601
0.450	13.300	0.450	0.65578	0.67107	0.06081	0.04781	0.31749	0.09875
0.080	4.390	0.650	1.58487	1.60340	0.13064	0.07309	0.24299	0.05105
0.125	4.749	0.450	1.66108	1.75114	0.05333	0.05139	6.70911	3.13550
0.125	5.804	0.550	1.74244	1.72698	0.07525	0.05619	0.21611	0.05656
0.125	6.859	0.650	1.40775	1.70335	0.10684	0.06692	9.91042	17.96131
0.175	5.171	0.350	1.69300	1.72448	0.05715	0.05264	1.98346	0.34931
0.175	6.648	0.450	1.64769	1.69951	0.06043	0.05483	2.71170	0.65631
0.175	8.125	0.550	1.62401	1.67454	0.07101	0.05914	1.88653	0.82395
0.175	9.603	0.650	1.42628	1.65151	0.08398	0.07503	10.07201	8.57013
0.225	4.749	0.250	1.53441	1.60973	0.06165	0.05741	3.77187	1.73531
0.225	6.648	0.350	1.56634	1.58204	0.05560	0.05362	1.20543	0.04824
0.225	8.548	0.450	1.59929	1.55459	0.06596	0.05784	0.00058	0.50531
0.225	10.450	0.550	1.50146	1.52936	0.09135	0.06149	0.61024	0.19632
0.225	12.350	0.650	1.48910	1.50691	0.10002	0.08681	0.37087	0.03556
0.275	5.804	0.250	1.43349	1.42291	0.08304	0.05774	0.13854	0.03966
0.275	8.125	0.350	1.39951	1.39025	0.07109	0.05346	0.19331	0.05366
0.275	10.450	0.450	1.35317	1.36156	0.06531	0.05688	0.53034	-0.00166
0.275	12.770	0.550	1.30374	1.33674	0.07345	0.06368	0.92760	0.24890
0.350	7.387	0.250	1.10601	1.10668	0.03950	0.03770	0.68454	-0.00063
0.350	10.340	0.350	1.06585	1.07072	0.04018	0.03548	0.79049	0.01405
0.350	13.300	0.450	1.06482	1.04224	0.04419	0.03986	0.03474	0.35698
0.350	16.250	0.550	1.00664	1.01888	0.05577	0.04630	0.55040	0.04767
0.450	9.497	0.250	0.71829	0.70563	0.04391	0.03177	0.03427	0.23119
0.450	13.300	0.350	0.64507	0.67174	0.03217	0.02982	1.98669	0.71181
0.450	17.100	0.450	0.63982	0.64717	0.04157	0.03499	0.38744	0.02009
0.550	16.250	0.350	0.41223	0.36489	0.03212	0.02559	1.21535	3.76624
0.550	20.890	0.450	0.40708	0.34688	0.04890	0.03308	0.98031	3.26820
0.080	4.540	0.550	1.73935	1.66448	0.07540	0.05140	0.10572	2.13272
0.080	5.365	0.650	1.63328	1.63759	0.09917	0.05295	0.27061	-0.01704
0.125	4.514	0.350	1.78569	1.79554	0.07119	0.04657	0.74725	0.02633
0.125	5.804	0.450	1.78672	1.77117	0.05862	0.04804	0.38083	0.15856
0.125	7.094	0.550	1.77127	1.74447	0.06224	0.05006	0.15463	0.36929
0.125	8.383	0.650	1.59826	1.71895	0.05509	0.05137	9.18423	5.74481
0.175	4.514	0.250	1.74861	1.75561	0.06116	0.04693	0.88717	0.02889
0.175	6.320	0.350	1.77333	1.73114	0.07835	0.04892	0.01362	0.77808
0.175	8.125	0.450	1.72802	1.70338	0.05260	0.05024	0.23284	0.31357
0.175	9.931	0.550	1.67138	1.67648	0.06608	0.05255	0.65498	-0.00466
0.175	11.740	0.650	1.71154	1.65206	0.07529	0.05918	0.01745	1.12642
0.225	5.804	0.250	1.66005	1.60776	0.05424	0.04745	0.00612	1.21620
0.225	8.125	0.350	1.58899	1.57674	0.05502	0.04814	0.37611	0.08530
0.225	10.450	0.450	1.56428	1.54731	0.05609	0.05074	0.25468	0.17182
0.225	12.770	0.550	1.39951	1.52077	0.06695	0.05173	5.83821	4.91200
0.225	15.090	0.650	1.43761	1.49737	0.06458	0.06067	2.46376	0.88193
0.275	7.094	0.250	1.44585	1.41200	0.05651	0.04556	0.02005	0.66265
0.275	9.931	0.350	1.30374	1.37714	0.04732	0.04552	5.51723	2.41403
0.275	12.770	0.450	1.45718	1.34739	0.05307	0.05225	1.62335	4.34222
0.275	15.610	0.550	1.34596	1.32148	0.08314	0.05588	0.03034	0.24220
0.275	18.440	0.650	1.22753	1.29935	0.06530	0.06326	2.70240	1.22680
0.350	9.028	0.250	1.09675	1.08847	0.03906	0.02957	0.36094	0.10486
0.350	12.640	0.350	1.08027	1.05185	0.03355	0.03150	0.00722	0.94759
0.350	16.250	0.450	0.98347	1.02318	0.03528	0.03309	3.73577	1.30032
0.350	19.860	0.550	1.08954	0.99973	0.04260	0.04066	1.87104	5.24145
0.450	11.610	0.250	0.69316	0.68565	0.04008	0.02423	0.09810	0.20181
0.450	16.250	0.350	0.68688	0.65280	0.03328	0.02691	0.18197	1.54620
0.450	20.890	0.450	0.62962	0.62903	0.04169	0.03004	0.17875	0.00465
0.450	25.540	0.550	0.57268	0.61071	0.04800	0.03564	1.29448	1.04584
0.550	14.190	0.250	0.40276	0.37503	0.02211	0.01889	0.52798	2.21843
0.550	19.860	0.350	0.37485	0.35027	0.02507	0.02128	0.29989	1.56179
0.550	25.540	0.450	0.35003	0.33363	0.02937	0.02489	0.04562	0.55712
0.650	23.470	0.350	0.17538	0.15698	0.01948	0.01525	0.46743	1.71134
0.650	30.180	0.450	0.15293	0.14706	0.01981	0.01851	0.00529	0.13782
0.045	4.115	0.750	1.28314	1.40358	0.06224	0.05926	6.41009	4.15073
0.080	4.390	0.450	1.87425	1.72102	0.05715	0.04925	2.99952	10.09354
0.080	5.365	0.550	1.77436	1.69281	0.05101	0.04907	0.35031	2.73140
0.080	6.341	0.650	1.73008	1.66412	0.05610	0.05023	0.08008	1.76793
0.080	7.316	0.750	1.55089	1.63802	0.09985	0.06171	1.74815	1.67712
0.125	5.335	0.350	1.86395	1.81295	0.04695	0.04506	0.00394	1.23462
0.125	6.859	0.450	1.74758	1.78575	0.05105	0.04464	3.02271	0.63276
0.125	8.383	0.550	1.83821	1.75705	0.07479	0.04754	0.13967	3.48089
0.125	9.908	0.650	1.69300	1.73005	0.07591	0.04811	1.28498	0.49384
0.125	11.430	0.750	1.54265	1.70639	0.08849	0.06120	5.54506	7.06956
0.175	5.335	0.250	1.76200	1.76267	0.06374	0.04435	0.65722	-0.00438
0.175	7.469	0.350	1.64769	1.73481	0.04762	0.04360	8.01417	3.93542
0.175	9.603	0.450	1.65387	1.70492	0.05350	0.04559	3.41893	1.10411
0.175	11.740	0.550	1.64975	1.67657	0.05797	0.04789	1.65434	0.33739
0.175	13.870	0.650	1.68786	1.65104	0.06039	0.05315	0.03976	0.48725
0.175	16.000	0.750	1.61062	1.62899	0.08159	0.07180	0.63447	0.09182
0.225	4.115	0.150	1.63122	1.63545	0.06518	0.06377	0.62309	-0.00152
0.225	6.859	0.250	1.61783	1.60447	0.05430	0.04393	0.38006	0.10579
0.225	9.603	0.350	1.51897	1.57100	0.05757	0.04376	2.78107	1.26839
0.225	12.350	0.450	1.50661	1.54010	0.05521	0.04580	1.95026	0.51473
0.225	15.090	0.550	1.54368	1.51258	0.05963	0.05008	0.05185	0.49412
0.225	17.830	0.650	1.59311	1.48851	0.06339	0.05780	0.85143	3.19324
0.225	20.580	0.750	1.48292	1.46775	0.10271	0.07909	0.07299	0.07564
0.275	5.030	0.150	1.36759	1.44459	0.07516	0.05991	2.40625	1.50615
0.275	8.383	0.250	1.41187	1.40187	0.05968	0.04229	0.26751	-0.00432
0.275	11.740	0.350	1.30889	1.36541	0.04879	0.04208	3.74524	1.80081
0.275	15.090	0.450	1.33360	1.33465	0.04665	0.04565	0.72224	-0.00229
0.275	18.440	0.550	1.29859	1.30840	0.05855	0.04989	0.65532	0.00551
0.275	21.800	0.650	1.23783	1.28593	0.08128	0.05659	1.06616	0.62148
0.350	6.402	0.150	1.10395	1.12463	0.04420	0.03958	1.41793	0.26478
0.350	10.670	0.250	1.09572	1.07304	0.04079	0.02730	0.04915	0.80433
0.350	14.940	0.350	1.01652	1.03605	0.03301	0.02804	2.19959	0.41000
0.350	19.210	0.450	0.99953	1.00726	0.04220	0.03059	0.75457	-0.00829
0.350	23.470	0.550	1.07409	0.98407	0.05790	0.03637	1.03558	5.94312
0.350	27.740	0.650	0.95082	0.96459	0.04910	0.04292	0.70708	0.11840
0.450	13.720	0.250	0.73487	0.66961	0.03917	0.02329	1.26143	7.85451
0.450	19.210	0.350	0.66083	0.63752	0.03562	0.02423	0.01379	0.92612
0.450	24.690	0.450	0.58823	0.61462	0.03120	0.02583	1.93663	1.07970
0.450	30.180	0.550	0.55198	0.59666	0.03844	0.03072	2.48970	1.87293
0.550	16.770	0.250	0.40461	0.36230	0.02299	0.01730	1.77225	6.28883
0.550	23.470	0.350	0.34210	0.33909	0.02058	0.01822	0.11208	0.02553
0.550	30.180	0.450	0.35703	0.32321	0.02476	0.02257	0.90013	2.16819
0.650	27.740	0.350	0.16014	0.15018	0.01864	0.01284	0.08146	0.65390
0.650	35.670	0.450	0.18166	0.14095	0.02957	0.01737	1.43700	5.25448
0.750	41.150	0.450	0.05774	0.04687	0.01519	0.00969	0.36671	1.20626
0.045	4.115	0.650	1.64872	1.46889	0.07236	0.05330	3.33338	11.31926
0.045	4.749	0.750	1.58796	1.43656	0.06521	0.05577	2.61447	7.20820
0.080	5.065	0.450	1.78569	1.74590	0.06524	0.04877	0.03330	0.65038
0.080	6.191	0.550	1.83821	1.71568	0.07017	0.05067	0.97599	5.75114
0.080	7.316	0.650	1.81452	1.68545	0.05973	0.05163	1.64249	6.25283
0.080	8.442	0.750	1.60547	1.65824	0.07769	0.05299	1.63146	1.22064
0.125	4.397	0.250	1.82894	1.84805	0.04682	0.04483	2.36846	0.20988
0.125	6.156	0.350	1.92059	1.82629	0.07909	0.04675	0.23956	4.25870
0.125	7.914	0.450	1.85880	1.79680	0.05018	0.04669	0.02670	1.60675
0.125	9.673	0.550	1.74038	1.76646	0.06991	0.04618	1.19619	0.51868
0.125	11.430	0.650	1.82688	1.73822	0.05527	0.04991	0.41907	3.36083
0.125	13.190	0.750	1.68271	1.71366	0.07110	0.05411	1.25543	0.23692
0.175	6.156	0.250	1.68477	1.76724	0.05181	0.04404	6.41829	3.72033
0.175	8.618	0.350	1.68786	1.73669	0.06139	0.04487	2.53223	1.27454
0.175	11.080	0.450	1.73935	1.70511	0.07189	0.04686	0.05022	0.56657
0.175	13.540	0.550	1.66417	1.67557	0.06529	0.04818	0.83249	0.08643
0.175	16.000	0.650	1.56737	1.64921	0.05197	0.05033	5.99025	2.54656
0.175	18.470	0.750	1.66314	1.62649	0.06950	0.06115	0.02734	0.37887
0.225	4.749	0.150	1.68477	1.63551	0.06345	0.05556	0.00006	0.75301
0.225	7.914	0.250	1.67859	1.60058	0.05457	0.04537	0.29060	2.60707
0.225	11.080	0.350	1.57355	1.56521	0.05101	0.04477	0.53220	0.02375
0.225	14.250	0.450	1.53338	1.53315	0.05387	0.04621	0.67190	-0.00035
0.225	17.410	0.550	1.51279	1.50489	0.05373	0.04925	0.44616	-0.00757
0.225	20.580	0.650	1.48086	1.48026	0.05903	0.05444	0.51258	-0.00108
0.225	23.740	0.750	1.57664	1.45915	0.09096	0.06940	0.62394	2.37619
0.275	5.804	0.150	1.47057	1.43788	0.05967	0.05272	0.02741	0.39908
0.275	9.673	0.250	1.45100	1.39250	0.04814	0.04332	0.11748	1.71021
0.275	13.540	0.350	1.36450	1.35491	0.04623	0.04320	0.41860	0.06709
0.275	17.410	0.450	1.33772	1.32347	0.04778	0.04517	0.26225	0.08045
0.275	21.280	0.550	1.32536	1.29686	0.05892	0.04949	0.02800	0.23239
0.275	25.150	0.650	1.33360	1.27420	0.07610	0.05788	0.07471	1.10088
0.350	7.387	0.150	1.03908	1.11214	0.05272	0.03203	3.82797	5.23809
0.350	12.310	0.250	1.06276	1.05972	0.04051	0.02713	0.46811	0.00277
0.350	17.240	0.350	1.02816	1.02248	0.02900	0.02798	0.68944	0.03220
0.350	22.160	0.450	1.03805	0.99383	0.04070	0.03063	0.12116	1.72477
0.350	27.080	0.550	0.98810	0.97067	0.03839	0.03428	0.08464	0.23136
0.350	32.010	0.650	0.93826	0.95115	0.03953	0.04016	1.02643	0.10861
0.450	9.497	0.150	0.70151	0.70610	0.03173	0.02647	0.61582	-0.00550
0.450	15.830	0.250	0.68596	0.65624	0.03042	0.02218	0.10511	2.04694
0.450	22.160	0.350	0.66258	0.62500	0.03022	0.02380	0.37072	2.64419
0.450	28.490	0.450	0.61830	0.60255	0.03071	0.02613	0.00488	0.26888
0.450	34.820	0.550	0.54590	0.58487	0.03664	0.02955	2.23427	1.65328
0.550	19.350	0.250	0.38505	0.35200	0.02502	0.01667	0.76641	3.76127
0.550	27.080	0.350	0.31080	0.32997	0.02235	0.01672	1.58957	1.24996
0.550	34.820	0.450	0.36568	0.31466	0.02320	0.02209	3.03943	5.08622
0.550	42.560	0.550	0.28206	0.30300	0.03094	0.02442	0.88482	0.83099
0.650	22.860	0.250	0.19103	0.15790	0.01286	0.01171	4.60432	8.08857
0.650	32.010	0.350	0.17661	0.14476	0.01574	0.01321	2.88752	5.75570
0.650	41.150	0.450	0.15911	0.13607	0.01870	0.01546	0.97227	2.37470
0.750	36.930	0.350	0.04916	0.04858	0.00865	0.00631	0.00944	0.01063
0.750	47.490	0.450	0.03635	0.04470	0.00884	0.00737	1.13101	1.22194
0.045	4.664	0.650	1.67859	1.49799	0.07172	0.05802	3.38756	9.63849
0.045	5.382	0.750	1.68271	1.46470	0.06751	0.05988	6.28929	12.87786
0.080	4.465	0.350	1.97002	1.79383	0.06461	0.05598	3.40207	9.67515
0.080	5.741	0.450	1.85160	1.76661	0.05789	0.05417	0.29399	2.27959
0.080	7.016	0.550	1.87219	1.73461	0.07553	0.05516	1.21888	6.23324
0.080	8.292	0.650	1.86292	1.70309	0.06049	0.05611	3.06570	7.92011
0.080	9.568	0.750	1.61680	1.67490	0.07157	0.05470	2.14821	1.04883
0.125	4.983	0.250	1.87116	1.86151	0.06084	0.04998	0.53510	0.04863
0.125	6.976	0.350	1.86910	1.83682	0.06812	0.04999	0.10258	0.23532
0.125	8.970	0.450	1.88352	1.80541	0.07389	0.05047	0.10195	2.12610
0.125	10.960	0.550	1.79496	1.77366	0.06228	0.05037	0.24241	0.19575
0.125	12.960	0.650	1.83718	1.74445	0.07729	0.05296	0.26184	2.86337
0.125	14.950	0.750	1.77127	1.71910	0.08416	0.05697	0.00011	0.76900
0.175	4.186	0.150	1.85571	1.79280	0.06388	0.05574	0.02076	1.08420
0.175	6.976	0.250	1.83924	1.77020	0.05773	0.05057	0.07493	1.92223
0.175	9.767	0.350	1.68580	1.73743	0.06026	0.04832	2.77759	1.35545
0.175	12.560	0.450	1.63122	1.70445	0.05053	0.04843	5.68145	2.42963
0.175	15.350	0.550	1.72596	1.67395	0.06284	0.05185	0.00107	1.21165
0.175	18.140	0.650	1.70330	1.64688	0.07129	0.05552	0.00998	0.86408
0.175	20.930	0.750	1.71772	1.62362	0.07280	0.06353	0.37169	2.11899
0.225	5.382	0.150	1.62092	1.63450	0.06782	0.05328	0.79567	0.07762
0.225	8.970	0.250	1.60444	1.59642	0.05467	0.04811	0.49384	0.04371
0.225	12.560	0.350	1.50249	1.55951	0.05218	0.04665	3.70948	1.59654
0.225	16.150	0.450	1.55192	1.52653	0.05848	0.04914	0.11158	0.27826
0.225	19.730	0.550	1.49631	1.49767	0.05263	0.05095	0.72043	0.00114
0.225	23.320	0.650	1.66623	1.47265	0.08481	0.06044	2.93736	10.11831
0.225	26.910	0.750	1.53338	1.45117	0.08813	0.06878	0.18422	1.55447
0.275	6.578	0.150	1.46233	1.43130	0.06401	0.05148	0.03118	0.32126
0.275	10.960	0.250	1.34493	1.38387	0.06323	0.04478	1.51652	0.78109
0.275	15.350	0.350	1.44379	1.34532	0.06024	0.04743	0.88525	3.74829
0.275	19.730	0.450	1.29138	1.31340	0.05730	0.04670	1.07455	0.28599
0.275	24.120	0.550	1.29756	1.28659	0.06461	0.05113	0.16940	0.02677
0.275	28.500	0.650	1.26769	1.26370	0.07589	0.05789	0.18562	-0.00141
0.275	32.890	0.750	1.32742	1.24402	0.08643	0.07714	0.27086	1.29570
0.350	8.372	0.150	1.14927	1.10099	0.03650	0.03301	0.16914	2.10493
0.350	13.950	0.250	1.09778	1.04798	0.03036	0.02952	0.35229	3.01715
0.350	19.530	0.350	1.02178	1.01064	0.03963	0.02964	0.21650	0.17109
0.350	25.110	0.450	0.98203	0.98215	0.03959	0.03102	0.52005	0.00023
0.350	30.700	0.550	0.99315	0.95890	0.04191	0.03550	0.01724	0.94018
0.350	36.280	0.650	0.94001	0.93939	0.04465	0.04108	0.35476	0.00186
0.450	10.760	0.150	0.68915	0.69380	0.04207	0.02530	0.34199	0.00556
0.450	17.940	0.250	0.67360	0.64482	0.03502	0.02342	0.07026	1.58182
0.450	25.110	0.350	0.65609	0.61435	0.02673	0.02457	0.72426	2.83038
0.450	32.290	0.450	0.63580	0.59218	0.03458	0.02758	0.53194	2.39580
0.450	39.470	0.550	0.61006	0.57471	0.03651	0.03194	0.23462	1.22504
0.550	21.930	0.250	0.39545	0.34352	0.02028	0.01797	3.98316	8.84793
0.550	30.700	0.350	0.38659	0.32228	0.03168	0.01988	2.81222	10.38606
0.550	39.470	0.450	0.30822	0.30743	0.02913	0.02042	0.07782	0.00338
0.550	48.240	0.550	0.30626	0.29609	0.04217	0.02559	0.00097	0.00460
0.650	25.910	0.250	0.20545	0.15273	0.01771	0.01258	6.97293	17.64992
0.650	36.280	0.350	0.15643	0.14029	0.01651	0.01239	0.49459	1.53760
0.650	46.640	0.450	0.13727	0.13200	0.01921	0.01446	0.00455	0.09498
0.650	57.010	0.550	0.12801	0.12587	0.02350	0.01829	0.00448	0.02559
0.750	41.860	0.350	0.05247	0.04656	0.00915	0.00649	0.23078	0.82324
0.750	53.820	0.450	0.05496	0.04294	0.01079	0.00867	0.93424	1.64635
0.045	4.411	0.550	1.67653	1.55949	0.07918	0.06630	0.74866	2.62330
0.045	5.213	0.650	1.75788	1.52332	0.10700	0.06745	2.94676	11.58824
0.045	6.015	0.750	1.67138	1.48916	0.09879	0.06632	1.83545	7.13170
0.045	6.817	0.850	1.51897	1.45975	0.14587	0.10339	0.01093	0.28083
0.080	4.990	0.350	1.92471	1.81344	0.07253	0.06338	0.58682	2.90501
0.080	6.416	0.450	1.84542	1.78414	0.10551	0.06147	0.00555	0.84009
0.080	7.842	0.550	1.83718	1.75064	0.07909	0.06179	0.17798	1.90596
0.080	9.267	0.650	1.74244	1.71795	0.06891	0.06046	0.14183	0.22435
0.080	10.690	0.750	1.93604	1.68859	0.07857	0.06692	5.93482	13.71063
0.080	12.120	0.850	1.77539	1.66489	0.14315	0.10751	0.17050	1.01009
0.125	5.569	0.250	1.84336	1.87251	0.05997	0.05621	1.89287	0.28719
0.125	7.797	0.350	1.85365	1.84532	0.06649	0.05666	0.46462	0.02467
0.125	10.020	0.450	1.85880	1.81222	0.09052	0.05716	0.00637	0.68134
0.125	12.250	0.550	1.77436	1.77933	0.06785	0.05617	0.68931	0.00779
0.125	14.480	0.650	1.84027	1.74922	0.09115	0.05968	0.17179	2.06208
0.125	16.710	0.750	1.68065	1.72322	0.08229	0.06079	1.22878	0.61625
0.125	18.940	0.850	1.80319	1.70208	0.13606	0.10947	0.12925	0.76134
0.175	4.678	0.150	1.80113	1.79821	0.09144	0.05858	0.28959	-0.00407
0.175	7.797	0.250	1.76303	1.77205	0.08562	0.05587	0.49192	0.06945
0.175	10.920	0.350	1.72184	1.73742	0.06611	0.05543	0.97926	0.10513
0.175	14.030	0.450	1.73935	1.70326	0.07936	0.05677	0.03231	0.31757
0.175	17.150	0.550	1.69403	1.67195	0.07820	0.05729	0.11876	0.08172
0.175	20.270	0.650	1.63328	1.64429	0.08241	0.05996	0.50024	0.10485
0.175	23.390	0.750	1.62916	1.62049	0.08114	0.06746	0.22497	-0.02321
0.225	6.015	0.150	1.63842	1.63286	0.06777	0.05666	0.38150	-0.00060
0.225	10.020	0.250	1.51485	1.59220	0.05342	0.05293	5.14763	2.22121
0.225	14.030	0.350	1.48910	1.55402	0.05989	0.05297	3.25322	1.46172
0.225	18.040	0.450	1.49940	1.52029	0.06976	0.05425	0.84946	0.15678
0.225	22.050	0.550	1.53029	1.49094	0.07917	0.05705	0.00389	0.38830
0.225	26.060	0.650	1.46027	1.46554	0.09405	0.06146	0.25557	0.02030
0.225	30.070	0.750	1.46027	1.44377	0.08421	0.07173	0.09369	0.02842
0.275	7.352	0.150	1.46645	1.42496	0.06430	0.05448	0.00022	0.74806
0.275	12.250	0.250	1.38818	1.37585	0.06706	0.05145	0.17247	0.05354
0.275	17.150	0.350	1.30786	1.33659	0.05242	0.05030	1.61390	0.36559
0.275	22.050	0.450	1.38818	1.30435	0.08930	0.05395	0.23892	1.85472
0.275	26.960	0.550	1.36553	1.27726	0.08975	0.05748	0.29490	1.87985
0.275	31.860	0.650	1.34287	1.25415	0.07350	0.06466	0.46002	1.63942
0.275	36.760	0.750	1.22135	1.23433	0.07980	0.07543	0.36681	0.04740
0.350	9.357	0.150	1.13279	1.09094	0.04585	0.03473	0.03908	1.59758
0.350	15.590	0.250	1.08439	1.03751	0.05234	0.03330	0.08762	1.88599
0.350	21.830	0.350	0.99768	1.00021	0.03506	0.03249	0.80237	0.01810
0.350	28.070	0.450	0.92837	0.97170	0.03363	0.03313	4.35871	1.83415
0.350	34.310	0.550	0.92085	0.94845	0.03872	0.03655	1.96262	0.65167
0.350	40.550	0.650	0.96596	0.92893	0.05453	0.04450	0.02767	0.41018
0.450	12.030	0.150	0.72128	0.68304	0.03617	0.02719	0.23035	2.03529
0.450	20.050	0.250	0.66876	0.63487	0.03211	0.02607	0.20477	1.44175
0.450	28.070	0.350	0.62581	0.60501	0.04250	0.02655	0.00402	0.73133
0.450	36.090	0.450	0.60275	0.58310	0.04020	0.02893	0.00299	0.34118
0.450	44.110	0.550	0.58689	0.56584	0.03747	0.03312	0.01175	0.41766
0.450	52.130	0.650	0.57669	0.55164	0.04885	0.04178	0.02930	0.42970
0.550	14.700	0.150	0.40667	0.37194	0.02704	0.01947	0.72100	3.25190
0.550	24.510	0.250	0.33036	0.33632	0.02990	0.01783	0.26952	0.13561
0.550	34.310	0.350	0.34571	0.31568	0.02563	0.02011	0.61049	2.20268
0.550	44.110	0.450	0.30338	0.30120	0.02693	0.02178	0.06003	0.02344
0.550	53.910	0.550	0.29051	0.29012	0.03017	0.02638	0.07065	-0.00217
0.650	28.960	0.250	0.17960	0.14839	0.01571	0.01256	2.74252	6.39202
0.650	40.550	0.350	0.14088	0.13651	0.01875	0.01269	0.00025	0.10688
0.650	52.130	0.450	0.15705	0.12855	0.02318	0.01635	1.06783	2.81801
0.650	63.710	0.550	0.11585	0.12264	0.02434	0.01740	0.17359	0.17946
0.750	46.780	0.350	0.05086	0.04488	0.00921	0.00676	0.23964	0.63807
0.750	60.150	0.450	0.04942	0.04147	0.00947	0.00853	0.47358	0.91526
0.750	73.520	0.550	0.04806	0.03903	0.01365	0.01158	0.31336	0.69212
0.045	4.179	0.450	1.96384	1.62964	0.08378	0.06470	10.96001	25.96538
0.045	5.107	0.550	1.84336	1.59364	0.09660	0.06227	4.13146	15.30620
0.045	6.036	0.650	1.72287	1.55590	0.08193	0.05982	2.04259	6.94520
0.045	6.965	0.750	1.61474	1.52059	0.08721	0.05858	0.29548	2.20108
0.045	7.893	0.850	1.63431	1.49042	0.09712	0.07789	0.98886	3.68964
0.080	4.127	0.250	1.94531	1.85625	0.07095	0.05666	0.21312	2.31381
0.080	5.778	0.350	1.93398	1.83806	0.07338	0.05663	0.29620	2.59660
0.080	7.429	0.450	1.88249	1.80607	0.06444	0.05585	0.11575	1.85067
0.080	9.080	0.550	1.80422	1.77058	0.05839	0.05518	0.10122	0.32091
0.080	10.730	0.650	1.78981	1.73612	0.08949	0.05587	0.00044	0.57198
0.080	12.380	0.750	1.89485	1.70594	0.06844	0.05895	3.83671	9.95045
0.080	14.030	0.850	1.58487	1.68136	0.11773	0.07311	1.46219	2.43834
0.125	6.449	0.250	1.95149	1.88570	0.06922	0.05218	0.01803	1.48237
0.125	9.028	0.350	1.80937	1.85533	0.06555	0.05034	2.25031	0.96590
0.125	11.610	0.450	1.89485	1.82016	0.05558	0.05215	0.12735	1.90248
0.125	14.190	0.550	1.81555	1.78575	0.07706	0.05154	0.08719	0.18593
0.125	16.770	0.650	1.81658	1.75452	0.07757	0.05282	0.01495	1.08124
0.125	19.350	0.750	1.72699	1.72766	0.07754	0.05457	0.42691	0.00291
0.125	21.930	0.850	1.65078	1.70572	0.08477	0.07577	1.46839	0.62167
0.175	5.417	0.150	1.77951	1.80401	0.07729	0.05036	0.96719	0.31455
0.175	9.028	0.250	1.80422	1.77343	0.06185	0.05050	0.12008	0.19611
0.175	12.640	0.350	1.70845	1.73647	0.05658	0.04967	1.87474	0.33507
0.175	16.250	0.450	1.65181	1.70085	0.07014	0.04981	1.90689	1.08369
0.175	19.860	0.550	1.59105	1.66852	0.06419	0.04996	3.70276	2.67771
0.175	23.470	0.650	1.61783	1.64003	0.06037	0.05273	1.30735	0.17439
0.175	27.080	0.750	1.66726	1.61565	0.08268	0.05950	0.00164	0.58887
0.175	30.700	0.850	1.44482	1.59546	0.10507	0.08141	3.35519	3.62980
0.225	6.965	0.150	1.56737	1.62969	0.05348	0.04799	4.05427	1.65803
0.225	11.610	0.250	1.56840	1.58584	0.07949	0.04835	0.62492	0.24452
0.225	16.250	0.350	1.45615	1.54611	0.05746	0.04675	5.28683	3.99272
0.225	20.890	0.450	1.44791	1.51150	0.05881	0.04799	3.21819	2.02684
0.225	25.540	0.550	1.41702	1.48153	0.05573	0.04895	3.58498	2.12091
0.225	30.180	0.650	1.41496	1.45567	0.06202	0.05286	1.73424	0.65710
0.225	34.820	0.750	1.35523	1.43353	0.07139	0.05886	2.71016	2.07175
0.275	8.512	0.150	1.41084	1.41595	0.05828	0.04626	0.62173	0.02616
0.275	14.190	0.250	1.32536	1.36482	0.07369	0.04521	1.11533	0.71056
0.275	19.860	0.350	1.37685	1.32471	0.06150	0.04645	0.03991	1.01086
0.275	25.540	0.450	1.27387	1.29212	0.05636	0.04632	0.95645	0.21753
0.275	31.210	0.550	1.29653	1.26471	0.06245	0.04961	0.00835	0.38039
0.275	36.890	0.650	1.16780	1.24132	0.06193	0.05162	3.00277	2.18887
0.275	42.560	0.750	1.17295	1.22131	0.06602	0.06232	1.55412	0.68265
0.350	10.830	0.150	1.10498	1.07755	0.03202	0.02951	0.02021	0.76571
0.350	18.060	0.250	1.02270	1.02360	0.03077	0.02862	0.98265	0.00490
0.350	25.280	0.350	0.98450	0.98650	0.03624	0.02884	0.70838	0.00567
0.350	32.500	0.450	0.94279	0.95794	0.04030	0.02966	1.10900	0.24529
0.350	39.720	0.550	0.88594	0.93467	0.03677	0.03122	4.09067	2.47297
0.350	46.950	0.650	0.91859	0.91512	0.05758	0.03706	0.16126	-0.00314
0.350	54.170	0.750	0.84269	0.89843	0.05451	0.04601	2.16094	1.61799
0.450	13.930	0.150	0.68771	0.66919	0.02894	0.02284	0.00231	0.64338
0.450	23.220	0.250	0.63199	0.62228	0.03022	0.02236	0.08063	0.12411
0.450	32.500	0.350	0.58493	0.59292	0.02668	0.02246	0.87209	0.10529
0.450	41.790	0.450	0.57638	0.57132	0.02610	0.02428	0.19820	0.03246
0.450	51.070	0.550	0.55290	0.55430	0.03395	0.02719	0.26278	0.01356
0.450	60.360	0.650	0.47763	0.54027	0.03685	0.03080	4.30546	4.22953
0.550	17.020	0.150	0.36733	0.36102	0.02244	0.01581	0.03699	0.15066
0.550	28.370	0.250	0.34684	0.32719	0.02178	0.01615	0.19445	1.45544
0.550	39.720	0.350	0.32810	0.30726	0.02607	0.01684	0.18904	1.30978
0.550	51.070	0.450	0.29782	0.29323	0.02416	0.01796	0.02782	0.02121
0.550	62.420	0.550	0.29185	0.28246	0.02472	0.02153	0.00146	0.17660
0.550	73.770	0.650	0.26034	0.27374	0.04067	0.02699	0.26507	0.35015
0.650	33.530	0.250	0.16920	0.14299	0.01622	0.01049	1.72570	6.70930
0.650	46.950	0.350	0.14850	0.13177	0.01356	0.01101	0.84012	2.42751
0.650	60.360	0.450	0.13079	0.12420	0.01297	0.01220	0.04663	0.31189
0.650	73.770	0.550	0.13769	0.11855	0.01879	0.01538	0.64981	1.60699
0.750	38.690	0.250	0.06510	0.04776	0.00826	0.00581	3.50447	8.59001
0.750	54.170	0.350	0.04465	0.04282	0.00756	0.00522	0.00505	0.11719
0.750	69.650	0.450	0.03540	0.03966	0.00632	0.00569	0.69708	0.74238
0.750	85.120	0.550	0.02684	0.03737	0.01145	0.00624	0.97578	3.00351
0.045	4.939	0.450	1.76612	1.66993	0.10481	0.07474	0.18492	1.56265
0.045	6.036	0.550	1.84027	1.63150	0.09665	0.07867	2.58831	7.17814
0.045	7.133	0.650	1.74552	1.59185	0.08934	0.07713	1.33291	4.26314
0.045	8.231	0.750	1.66520	1.55519	0.10515	0.07649	0.34553	1.78583
0.045	9.328	0.850	1.55913	1.52413	0.12464	0.08409	0.00661	0.05899
0.080	4.878	0.250	1.98444	1.88692	0.08249	0.07040	0.23613	1.78839
0.080	6.829	0.350	1.89485	1.86444	0.07293	0.06936	0.11232	0.23197
0.080	8.780	0.450	1.88455	1.82944	0.08636	0.07079	0.00004	0.64137
0.080	10.730	0.550	1.70124	1.79140	0.09868	0.06821	1.99558	1.94592
0.080	12.680	0.650	1.81967	1.75555	0.07392	0.07269	0.02400	0.77780
0.080	14.630	0.750	1.90000	1.72408	0.09393	0.07690	1.65733	5.19226
0.080	16.580	0.850	1.62401	1.69859	0.08811	0.08312	1.90435	0.86944
0.125	4.573	0.150	1.80113	1.91336	0.07340	0.06081	5.01488	3.62976
0.125	7.621	0.250	1.78981	1.89897	0.06450	0.06139	6.22912	3.30667
0.125	10.670	0.350	1.75273	1.86514	0.08201	0.06220	3.95761	3.59657
0.125	13.720	0.450	1.80422	1.82767	0.09032	0.06458	0.70186	0.19414
0.125	16.770	0.550	1.70330	1.79162	0.07989	0.06454	2.96762	2.04424
0.125	19.820	0.650	1.74552	1.75916	0.10299	0.06819	0.38810	0.07156
0.125	22.860	0.750	1.70021	1.73117	0.08738	0.07063	0.84184	0.29998
0.125	25.910	0.850	1.61577	1.70845	0.10877	0.08228	1.64357	1.25165
0.175	6.402	0.150	1.73935	1.80888	0.06815	0.06184	3.09437	1.17291
0.175	10.670	0.250	1.65181	1.77362	0.06724	0.06079	6.36291	3.86097
0.175	14.940	0.350	1.74758	1.73418	0.06960	0.06461	0.28530	0.02671
0.175	19.210	0.450	1.57149	1.69698	0.06456	0.06209	7.01447	4.01147
0.175	23.470	0.550	1.54368	1.66351	0.07498	0.06421	4.81389	3.83892
0.175	27.740	0.650	1.49528	1.63419	0.07393	0.06600	6.07288	4.54539
0.175	32.010	0.750	1.43555	1.60917	0.08042	0.06944	7.15909	6.70451
0.175	36.280	0.850	1.51176	1.58848	0.09934	0.08966	1.47089	0.86995
0.225	4.115	0.075	1.65387	1.65646	0.15918	0.12564	0.10047	0.00099
0.225	8.231	0.150	1.61165	1.62480	0.07329	0.06031	0.66566	0.05263
0.225	13.720	0.250	1.51073	1.57767	0.09367	0.05999	1.39576	1.46332
0.225	19.210	0.350	1.37685	1.53631	0.06786	0.05844	8.62688	7.62225
0.225	24.690	0.450	1.40260	1.50081	0.07236	0.06127	3.68001	2.80561
0.225	30.180	0.550	1.38715	1.47016	0.07913	0.06262	2.42228	1.77433
0.225	35.670	0.650	1.36347	1.44377	0.07238	0.06676	2.73815	1.59048
0.225	41.150	0.750	1.45615	1.42123	0.09496	0.07743	0.00580	0.24449
0.225	46.640	0.850	1.19355	1.40220	0.10928	0.09382	4.95234	4.56195
0.275	5.030	0.075	1.50455	1.45675	0.17359	0.12214	0.00060	0.07029
0.275	10.060	0.150	1.33154	1.40489	0.08025	0.05591	1.94392	1.53721
0.275	16.770	0.250	1.37067	1.35174	0.06214	0.05826	0.11143	0.09291
0.275	23.470	0.350	1.24092	1.31095	0.07353	0.05734	2.07585	1.73552
0.275	30.180	0.450	1.36038	1.27780	0.09698	0.06241	0.19839	1.43152
0.275	36.890	0.550	1.16162	1.24999	0.08227	0.06077	2.19852	2.32620
0.275	43.590	0.650	1.14824	1.22634	0.07622	0.06506	2.13404	1.41817
0.275	50.300	0.750	1.17604	1.20608	0.11791	0.07530	0.29538	0.17266
0.350	6.402	0.075	1.03805	1.12896	0.08048	0.07457	2.25909	1.33637
0.350	12.800	0.150	1.12661	1.06206	0.04356	0.03780	0.53752	2.92572
0.350	21.340	0.250	0.95659	1.00788	0.03984	0.03524	3.92917	2.15948
0.350	29.880	0.350	0.90273	0.97082	0.04013	0.03572	5.51221	3.50845
0.350	38.410	0.450	0.92600	0.94220	0.04088	0.03771	1.10624	0.22946
0.350	46.950	0.550	0.88790	0.91889	0.04062	0.03976	1.94758	0.67554
0.350	55.480	0.650	0.80850	0.89934	0.04836	0.04201	5.58126	5.04433
0.350	64.020	0.750	0.85937	0.88260	0.05691	0.05180	0.71456	0.23999
0.450	16.460	0.150	0.64806	0.65384	0.03558	0.02787	0.47558	0.06531
0.450	27.440	0.250	0.58164	0.60826	0.04058	0.02754	1.14731	1.07488
0.450	38.410	0.350	0.54034	0.57939	0.03321	0.02796	2.71175	1.97349
0.450	49.390	0.450	0.52778	0.55813	0.03598	0.02965	1.60845	1.09862
0.450	60.360	0.550	0.46630	0.54134	0.03684	0.03043	5.77643	5.77599
0.450	71.330	0.650	0.52901	0.52749	0.04551	0.03830	0.09177	-0.00248
0.550	20.120	0.150	0.37186	0.34921	0.02923	0.02026	0.16545	1.29112
0.550	33.530	0.250	0.32645	0.31720	0.02930	0.02011	0.00005	0.24359
0.550	46.950	0.350	0.30266	0.29801	0.02807	0.02118	0.02140	0.01881
0.550	60.360	0.450	0.27980	0.28444	0.02542	0.02196	0.25113	0.04515
0.550	73.770	0.550	0.24159	0.27398	0.03384	0.02324	1.35394	2.10300
0.550	87.190	0.650	0.19463	0.26548	0.03916	0.02535	3.81403	7.98298
0.650	23.780	0.150	0.18887	0.15604	0.01838	0.01324	2.21473	6.04068
0.650	39.630	0.250	0.15550	0.13722	0.01668	0.01321	0.68266	1.57066
0.650	55.480	0.350	0.15004	0.12667	0.01407	0.01402	1.82932	2.91462
0.650	71.330	0.450	0.14479	0.11949	0.02407	0.01600	0.76913	2.25898
0.650	87.190	0.550	0.14634	0.11409	0.02746	0.01909	1.04025	2.23393
0.650	103.000	0.650	0.09015	0.10981	0.02414	0.01871	0.85077	1.39034
0.750	45.730	0.250	0.05754	0.04517	0.00867	0.00667	1.52239	3.36445
0.750	64.020	0.350	0.05992	0.04066	0.01194	0.00794	2.15388	5.66283
0.750	82.310	0.450	0.03345	0.03773	0.00843	0.00680	0.38830	0.48574
0.750	100.600	0.550	0.04062	0.03560	0.01078	0.00884	0.12675	0.27711
0.045	4.432	0.350	1.94222	1.73623	0.11682	0.07793	1.64356	6.91752
0.045	5.698	0.450	1.90515	1.70346	0.08645	0.07761	2.87368	7.00646
0.045	6.965	0.550	1.77539	1.66294	0.08049	0.07613	0.57553	2.01536
0.045	8.231	0.650	1.83512	1.62165	0.08627	0.08005	3.45423	6.63136
0.045	9.497	0.750	1.78054	1.58377	0.08779	0.07952	2.73693	6.61115
0.045	10.760	0.850	1.64975	1.55186	0.09067	0.08132	0.30578	1.50308
0.080	5.628	0.250	2.12861	1.91167	0.08036	0.07253	3.73666	8.99080
0.080	7.879	0.350	1.97826	1.88561	0.07686	0.07064	0.21203	1.48499
0.080	10.130	0.450	1.79393	1.84778	0.07875	0.06821	1.80421	0.68712
0.080	12.380	0.550	1.87631	1.80815	0.07614	0.07248	0.03311	0.79669
0.080	14.630	0.650	1.80834	1.77084	0.10104	0.07357	0.02156	0.20950
0.080	16.880	0.750	1.73935	1.73833	0.08155	0.07422	0.36592	-0.00028
0.080	19.140	0.850	1.66932	1.71210	0.08791	0.07905	1.07391	0.32010
0.125	5.276	0.150	1.92986	1.92826	0.07791	0.06242	0.48514	-0.00160
0.125	8.794	0.250	1.86189	1.90891	0.09540	0.06266	1.11897	0.72907
0.125	12.310	0.350	1.77642	1.87223	0.07771	0.06247	3.58922	2.17607
0.125	15.830	0.450	1.81967	1.83287	0.06909	0.06479	0.90895	0.03543
0.125	19.350	0.550	1.86807	1.79547	0.09226	0.06833	0.04033	1.21933
0.125	22.860	0.650	1.70433	1.76182	0.06868	0.06668	2.41903	0.70716
0.125	26.380	0.750	1.76921	1.73304	0.09574	0.07249	0.02468	0.17419
0.125	29.900	0.850	1.64666	1.70971	0.08463	0.07800	1.71162	0.54842
0.175	7.387	0.150	1.91441	1.81169	0.07998	0.06434	0.34991	2.23630
0.175	12.310	0.250	1.67756	1.77268	0.07574	0.06083	3.59854	2.37752
0.175	17.240	0.350	1.65078	1.73123	0.06566	0.06203	3.81426	1.77863
0.175	22.160	0.450	1.63842	1.69276	0.06893	0.06381	2.17928	0.60911
0.175	27.080	0.550	1.59929	1.65836	0.06724	0.06476	2.45556	0.77061
0.175	32.010	0.650	1.58179	1.62836	0.07722	0.06844	1.43067	0.43224
0.175	36.930	0.750	1.62607	1.60283	0.08554	0.07464	0.07761	0.09374
0.175	41.860	0.850	1.46645	1.58170	0.08720	0.08104	3.27085	2.17465
0.225	4.749	0.075	1.62298	1.65649	0.11971	0.10095	0.45209	0.06700
0.225	9.497	0.150	1.61268	1.61962	0.06015	0.06026	0.79444	0.00526
0.225	15.830	0.250	1.62195	1.56991	0.07711	0.06164	0.00436	0.70920
0.225	22.160	0.350	1.41805	1.52737	0.06140	0.05874	5.99648	3.48777
0.225	28.490	0.450	1.40363	1.49107	0.07426	0.06078	2.97433	2.11897
0.225	34.820	0.550	1.44276	1.45985	0.07338	0.06529	0.64330	0.12379
0.225	41.150	0.650	1.31712	1.43304	0.12906	0.06513	1.42461	3.43126
0.225	47.490	0.750	1.37273	1.41013	0.09237	0.07278	0.69728	0.39244
0.225	53.820	0.850	1.32330	1.39080	0.10160	0.08878	1.08443	0.74171
0.275	5.804	0.075	1.43761	1.45010	0.10298	0.09804	0.27599	0.02767
0.275	11.610	0.150	1.35832	1.39474	0.07625	0.05599	0.98679	0.28155
0.275	19.350	0.250	1.28417	1.34013	0.06740	0.05570	1.90903	0.93428
0.275	27.080	0.350	1.26769	1.29880	0.08481	0.05809	0.63905	0.35221
0.275	34.820	0.450	1.19973	1.26521	0.06025	0.05812	2.76631	1.30558
0.275	42.560	0.550	1.15339	1.23708	0.08587	0.06064	1.85911	2.25371
0.275	50.300	0.650	1.20282	1.21318	0.10635	0.06604	0.18046	0.02469
0.275	58.040	0.750	1.19561	1.19271	0.07909	0.07357	0.16074	0.00750
0.275	65.780	0.850	1.05864	1.17518	0.10199	0.09589	2.08245	1.55631
0.350	7.387	0.075	1.02981	1.11665	0.08281	0.06038	1.98419	2.01586
0.350	14.770	0.150	1.09160	1.04867	0.04921	0.03742	0.05298	1.19218
0.350	24.620	0.250	0.96030	0.99454	0.03953	0.03607	2.46384	0.76311
0.350	34.470	0.350	0.91777	0.95737	0.04179	0.03642	2.50718	1.20711
0.350	44.320	0.450	0.97410	0.92868	0.04227	0.03942	0.16595	1.40298
0.350	54.170	0.550	0.89089	0.90534	0.04782	0.04012	0.70784	0.10380
0.350	64.020	0.650	0.81242	0.88573	0.04752	0.04145	4.15321	3.04132
0.350	73.870	0.750	0.85732	0.86895	0.07230	0.04943	0.25422	0.07797
0.450	9.497	0.075	0.71479	0.70655	0.06133	0.05031	0.04119	-0.00083
0.450	18.990	0.150	0.69090	0.64101	0.04337	0.02975	0.47512	2.95423
0.450	31.660	0.250	0.59173	0.59648	0.03429	0.02835	0.40702	0.03602
0.450	44.320	0.350	0.58936	0.56800	0.03290	0.03020	0.01710	0.49903
0.450	56.980	0.450	0.51964	0.54701	0.04818	0.02983	0.77492	0.80342
0.450	69.650	0.550	0.53282	0.53038	0.04827	0.03306	0.07233	0.02422
0.450	82.310	0.650	0.46094	0.51664	0.03666	0.03434	3.54647	2.47846
0.450	94.970	0.750	0.46115	0.50494	0.05152	0.04193	1.22980	1.22727
0.550	23.220	0.150	0.34509	0.33982	0.02890	0.02047	0.02666	0.06002
0.550	38.690	0.250	0.38391	0.30897	0.03212	0.02285	3.94834	10.48881
0.550	54.170	0.350	0.28773	0.29036	0.02773	0.02098	0.15603	0.00477
0.550	69.650	0.450	0.28587	0.27713	0.02745	0.02261	0.00029	0.12283
0.550	85.120	0.550	0.29391	0.26690	0.03842	0.02520	0.23184	1.08797
0.550	100.600	0.650	0.22924	0.25857	0.03325	0.02603	1.16997	1.30525
0.650	27.440	0.150	0.17435	0.15032	0.01604	0.01335	1.39997	3.19766
0.650	45.730	0.250	0.15746	0.13257	0.01990	0.01388	1.04340	3.36313
0.650	64.020	0.350	0.13285	0.12252	0.02015	0.01369	0.10336	0.38007
0.650	82.310	0.450	0.12667	0.11563	0.01742	0.01518	0.17880	0.51481
0.650	100.600	0.550	0.11853	0.11043	0.02197	0.01650	0.04513	0.17339
0.650	118.900	0.650	0.11606	0.10627	0.02230	0.01977	0.08321	0.26925
0.750	52.760	0.250	0.05865	0.04315	0.00916	0.00752	2.26822	4.28179
0.750	73.870	0.350	0.03993	0.03895	0.00898	0.00661	0.00039	0.02349
0.750	94.970	0.450	0.05264	0.03619	0.01120	0.00867	1.77663	3.16975
0.750	116.100	0.550	0.05152	0.03417	0.01161	0.01019	1.86449	2.57116
0.015	4.080	0.850	1.21105	1.13205	0.08472	0.05560	0.26908	1.75038
0.045	5.023	0.350	1.78466	1.76726	0.07051	0.06665	0.23605	0.04138
0.045	6.458	0.450	1.97414	1.73207	0.08106	0.07076	5.20501	11.11220
0.045	7.893	0.550	1.73111	1.68962	0.07940	0.06731	0.01178	0.30362
0.045	9.328	0.650	1.70227	1.64687	0.08453	0.06750	0.00525	0.61616
0.045	10.760	0.750	1.60856	1.60786	0.07766	0.06684	0.34873	0.00098
0.045	12.200	0.850	1.63328	1.57537	0.07723	0.07086	0.01894	0.55966
0.080	6.378	0.250	1.88352	1.93221	0.07459	0.06131	1.91481	0.67406
0.080	8.930	0.350	2.04829	1.90308	0.07869	0.06510	1.19210	5.01302
0.080	11.480	0.450	1.83100	1.86302	0.09557	0.06179	0.79145	0.28237
0.080	14.030	0.550	1.74758	1.82176	0.09457	0.06158	1.74053	1.55000
0.080	16.580	0.650	1.68683	1.78323	0.08277	0.06161	3.07843	2.43409
0.080	19.140	0.750	1.76509	1.74984	0.08000	0.06596	0.20070	0.04138
0.080	21.690	0.850	1.65181	1.72272	0.08730	0.06803	1.84934	1.25103
0.125	5.980	0.150	1.96178	1.94011	0.06979	0.05801	0.25315	0.16153
0.125	9.966	0.250	1.88661	1.91656	0.07183	0.05715	1.38598	0.27630
0.125	13.950	0.350	1.73832	1.87748	0.06044	0.05515	9.82691	6.34915
0.125	17.940	0.450	1.68065	1.83652	0.05809	0.05543	12.39413	7.96709
0.125	21.930	0.550	1.76818	1.79787	0.07643	0.05834	1.11936	0.25625
0.125	25.910	0.650	1.62092	1.76330	0.07234	0.05691	6.84730	6.21612
0.125	29.900	0.750	1.67653	1.73387	0.07250	0.06159	2.13245	0.85241
0.125	33.890	0.850	1.63431	1.71002	0.06841	0.06683	3.23425	1.23630
0.175	4.186	0.075	1.73111	1.82607	0.08576	0.08382	2.86167	1.25638
0.175	8.372	0.150	1.82070	1.81316	0.06427	0.05715	0.49383	-0.00058
0.175	13.950	0.250	1.59414	1.77103	0.07759	0.05312	8.26292	10.95577
0.175	19.530	0.350	1.64048	1.72796	0.06215	0.05532	4.71527	2.21246
0.175	25.110	0.450	1.65387	1.68801	0.07277	0.05670	1.27034	0.31254
0.175	30.700	0.550	1.53750	1.65322	0.07292	0.05627	4.82858	4.39403
0.175	36.280	0.650	1.57870	1.62266	0.06443	0.05921	1.93629	0.56080
0.175	41.860	0.750	1.41702	1.59667	0.06603	0.06032	11.16961	8.76235
0.175	47.440	0.850	1.38200	1.57516	0.08540	0.06705	7.45456	7.79879
0.225	5.382	0.075	1.53441	1.65543	0.10718	0.08167	2.38257	2.26019
0.225	10.760	0.150	1.59826	1.61441	0.05395	0.05450	1.33856	0.10268
0.225	17.940	0.250	1.49219	1.56260	0.07213	0.05305	2.48059	2.08583
0.225	25.110	0.350	1.39333	1.51910	0.07360	0.05211	5.09259	6.08295
0.225	32.290	0.450	1.39436	1.48213	0.06411	0.05394	3.99497	2.65888
0.225	39.470	0.550	1.32536	1.45040	0.05538	0.05436	8.70515	5.50743
0.225	46.640	0.650	1.33669	1.42323	0.05998	0.05764	4.35913	2.28900
0.225	53.820	0.750	1.35523	1.40002	0.07086	0.06279	1.40570	0.49626
0.225	60.990	0.850	1.25431	1.38042	0.07664	0.07196	4.49071	3.13079
0.275	6.578	0.075	1.40672	1.44356	0.12676	0.08019	0.37435	0.17068
0.275	13.160	0.150	1.36141	1.38547	0.06901	0.05132	0.84596	0.28803
0.275	21.930	0.250	1.23680	1.32979	0.07387	0.04936	3.03949	3.30510
0.275	30.700	0.350	1.24607	1.28788	0.06009	0.05095	1.67950	0.71885
0.275	39.470	0.450	1.21105	1.25392	0.06192	0.05150	1.58340	0.73534
0.275	48.240	0.550	1.10292	1.22553	0.06347	0.05110	5.92703	5.68431
0.275	57.010	0.650	1.06997	1.20141	0.06507	0.05379	6.22978	6.04165
0.275	65.780	0.750	1.17089	1.18075	0.07254	0.06261	0.36364	0.02970
0.275	74.550	0.850	1.09881	1.16303	0.12974	0.07875	0.54780	0.66725
0.350	8.372	0.075	1.03496	1.10562	0.05791	0.04996	3.01936	1.78405
0.350	16.740	0.150	0.99479	1.03689	0.04020	0.03215	3.11041	1.65773
0.350	27.910	0.250	0.91807	0.98279	0.03399	0.03160	7.21437	4.36068
0.350	39.070	0.350	0.87091	0.94554	0.03557	0.03138	7.87908	5.58746
0.350	50.230	0.450	0.84650	0.91681	0.04041	0.03226	5.50580	4.99780
0.350	61.390	0.550	0.83600	0.89342	0.03622	0.03385	5.07751	2.77289
0.350	72.550	0.650	0.74898	0.87377	0.04998	0.03407	8.58746	13.46576
0.350	83.720	0.750	0.80418	0.85691	0.04036	0.04084	3.54662	1.63261
0.450	10.760	0.075	0.70655	0.69441	0.04423	0.04116	0.03528	0.06626
0.450	21.530	0.150	0.64744	0.63011	0.02805	0.02596	0.00252	0.46252
0.450	35.880	0.250	0.56485	0.58632	0.03455	0.02512	1.19850	0.74651
0.450	50.230	0.350	0.52541	0.55817	0.02620	0.02503	3.35157	1.82402
0.450	64.580	0.450	0.48895	0.53738	0.03053	0.02548	4.20107	3.86836
0.450	78.930	0.550	0.47278	0.52089	0.03124	0.02665	3.91184	2.99688
0.450	93.280	0.650	0.47865	0.50722	0.04206	0.03009	1.01717	1.00660
0.450	107.600	0.750	0.38484	0.49557	0.03536	0.03214	11.87699	11.48443
0.550	26.310	0.150	0.36012	0.33195	0.02307	0.01886	0.59247	2.37315
0.550	43.850	0.250	0.27774	0.30199	0.02935	0.01731	1.21084	2.20841
0.550	61.390	0.350	0.25900	0.28384	0.03302	0.01757	0.95942	2.19434
0.550	78.930	0.450	0.26621	0.27089	0.02318	0.01908	0.28579	0.11105
0.550	96.470	0.550	0.25447	0.26084	0.02425	0.02053	0.32091	0.13657
0.550	114.000	0.650	0.26754	0.25263	0.02534	0.02420	0.08016	0.41376
0.650	31.090	0.150	0.15890	0.14562	0.01694	0.01170	0.26272	1.27949
0.650	51.820	0.250	0.14067	0.12871	0.01577	0.01172	0.25053	1.06387
0.650	72.550	0.350	0.10895	0.11905	0.01563	0.01114	0.71814	0.87920
0.650	93.280	0.450	0.12677	0.11238	0.01481	0.01349	0.52345	1.13415
0.650	114.000	0.550	0.13058	0.10733	0.01753	0.01548	1.23338	2.25809
0.650	134.700	0.650	0.09293	0.10327	0.01547	0.01445	0.70980	0.49190
0.750	35.880	0.150	0.05828	0.04894	0.01110	0.00612	0.47432	1.98783
0.750	59.800	0.250	0.06330	0.04150	0.00956	0.00703	4.36536	9.27140
0.750	83.720	0.350	0.04320	0.03753	0.00795	0.00631	0.30834	0.89809
0.750	107.600	0.450	0.03685	0.03492	0.00748	0.00645	0.01332	0.02264
0.750	131.600	0.550	0.03715	0.03298	0.01239	0.00731	0.06230	0.19858
0.750	155.500	0.650	0.02557	0.03146	0.00864	0.00783	0.58860	0.58487
0.015	4.023	0.750	1.59311	1.21092	0.07693	0.06453	19.08334	34.23700
0.015	4.560	0.850	1.41908	1.16396	0.10578	0.06002	4.09397	17.15384
0.015	5.016	0.935	1.17707	1.12909	0.14922	0.12347	0.00869	0.09312
0.045	4.010	0.250	2.03387	1.81112	0.08381	0.07281	3.82376	8.81092
0.045	5.614	0.350	1.96178	1.79426	0.08869	0.07097	1.55917	5.35992
0.045	7.218	0.450	1.98032	1.75688	0.08155	0.07180	4.14925	9.11815
0.045	8.822	0.550	1.85983	1.71271	0.10929	0.06971	0.72867	4.27418
0.045	10.430	0.650	1.86704	1.66916	0.07930	0.07082	3.29011	7.93288
0.045	12.030	0.750	1.72905	1.62871	0.09033	0.06904	0.31004	2.24686
0.045	13.630	0.850	1.69609	1.59541	0.11264	0.07122	0.20978	2.06658
0.080	4.277	0.150	2.02975	1.94716	0.07684	0.06474	0.09629	1.62355
0.080	7.129	0.250	2.02151	1.94965	0.09185	0.06490	0.02112	1.18520
0.080	9.980	0.350	1.89897	1.91748	0.08240	0.06271	0.79512	0.01797
0.080	12.830	0.450	1.88249	1.87579	0.07489	0.06294	0.40717	0.01490
0.080	15.680	0.550	2.01842	1.83306	0.09010	0.06658	1.98503	8.15050
0.080	18.530	0.650	1.83409	1.79346	0.07093	0.06435	0.03086	0.34542
0.080	21.390	0.750	1.97002	1.75914	0.08112	0.06895	3.59761	9.51865
0.080	24.240	0.850	1.84027	1.73130	0.08764	0.07082	0.40387	2.48885
0.125	6.683	0.150	1.96693	1.94971	0.07549	0.05828	0.27678	0.09364
0.125	11.140	0.250	1.93501	1.92257	0.07174	0.05837	0.36888	-0.00096
0.125	15.590	0.350	1.89176	1.88141	0.05997	0.05814	0.54844	0.01325
0.125	20.050	0.450	1.88661	1.83907	0.06526	0.05891	0.01174	0.60658
0.125	24.510	0.550	1.87528	1.79929	0.06407	0.05952	0.11480	1.55105
0.125	28.960	0.650	1.87734	1.76398	0.07510	0.06151	0.61751	2.87194
0.125	33.420	0.750	1.85160	1.73397	0.06544	0.06411	0.95733	3.44918
0.125	37.870	0.850	1.65078	1.70967	0.10000	0.06484	1.13783	0.79138
0.175	4.678	0.075	1.82585	1.83141	0.08844	0.08258	0.43619	0.00735
0.175	9.357	0.150	1.81143	1.81375	0.06854	0.05702	0.63799	0.00306
0.175	15.590	0.250	1.82585	1.76899	0.06374	0.05773	0.00396	0.96861
0.175	21.830	0.350	1.70433	1.72449	0.07542	0.05639	0.84896	0.17808
0.175	28.070	0.450	1.68168	1.68399	0.06227	0.05678	0.67070	0.00469
0.175	34.310	0.550	1.64769	1.64818	0.08995	0.05761	0.28692	0.00172
0.175	40.550	0.650	1.53441	1.61711	0.06005	0.05771	4.48074	2.17318
0.175	46.780	0.750	1.54780	1.59073	0.06988	0.06125	1.57620	0.66777
0.175	53.020	0.850	1.69403	1.56888	0.09336	0.07399	0.66484	2.65706
0.225	6.015	0.075	1.80113	1.65374	0.10674	0.08431	0.79648	3.04614
0.225	12.030	0.150	1.63328	1.60925	0.06752	0.05554	0.11853	0.15548
0.225	20.050	0.250	1.59826	1.55572	0.06222	0.05499	0.00357	0.52557
0.225	28.070	0.350	1.61268	1.51138	0.07106	0.05617	0.59088	3.20784
0.225	36.090	0.450	1.43246	1.47381	0.07940	0.05418	1.08770	0.74654
0.225	44.110	0.550	1.36759	1.44170	0.05605	0.05386	4.11475	1.95217
0.225	52.130	0.650	1.30477	1.41418	0.07325	0.05527	4.03766	4.17986
0.225	60.150	0.750	1.33463	1.39069	0.12685	0.06079	0.55720	0.69241
0.225	68.170	0.850	1.30889	1.37082	0.10081	0.07059	0.98051	0.89679
0.275	7.352	0.075	1.47777	1.43723	0.13242	0.07694	0.00028	0.19764
0.275	14.700	0.150	1.39951	1.37698	0.05460	0.05176	0.10842	0.20931
0.275	24.510	0.250	1.27696	1.32042	0.06597	0.04963	1.48601	0.93707
0.275	34.310	0.350	1.29859	1.27800	0.05998	0.05086	0.08030	0.10184
0.275	44.110	0.450	1.23577	1.24371	0.07560	0.05119	0.33431	0.00799
0.275	53.910	0.550	1.18840	1.21508	0.08617	0.05243	0.50250	0.28405
0.275	63.710	0.650	1.19252	1.19075	0.07417	0.05503	0.19496	-0.00333
0.275	73.520	0.750	1.16368	1.16989	0.07243	0.06092	0.30327	0.02718
0.275	83.320	0.850	1.07409	1.15198	0.08135	0.07392	1.79476	1.17339
0.350	9.357	0.075	1.12661	1.09566	0.04986	0.04886	0.00111	0.41018
0.350	18.710	0.150	1.03187	1.02638	0.05031	0.03272	0.23497	0.00912
0.350	31.190	0.250	0.99922	0.97234	0.04187	0.03246	0.00237	0.45916
0.350	43.660	0.350	0.92981	0.93501	0.03243	0.03187	0.98066	0.03608
0.350	56.140	0.450	0.90067	0.90622	0.03872	0.03251	0.66677	0.04695
0.350	68.610	0.550	0.90036	0.88278	0.03633	0.03434	0.05454	0.22678
0.350	81.090	0.650	0.93908	0.86305	0.04120	0.03806	1.40571	4.00543
0.350	93.570	0.750	0.85381	0.84611	0.04782	0.04073	0.12662	0.03303
0.450	12.030	0.075	0.67597	0.68376	0.04386	0.03719	0.38926	0.05491
0.450	24.060	0.150	0.63446	0.62072	0.03828	0.02534	0.01458	0.20794
0.450	40.100	0.250	0.58483	0.57742	0.02795	0.02460	0.11601	0.09285
0.450	56.140	0.350	0.57504	0.54953	0.03571	0.02540	0.06170	0.98277
0.450	72.180	0.450	0.50667	0.52889	0.02833	0.02526	1.69587	0.70289
0.450	88.220	0.550	0.50718	0.51249	0.02826	0.02668	0.50026	0.03251
0.450	104.300	0.650	0.50183	0.49883	0.03866	0.02956	0.08897	0.00802
0.450	120.300	0.750	0.50203	0.48721	0.04221	0.03605	0.00005	0.07329
0.550	14.700	0.075	0.44261	0.37171	0.05121	0.02953	1.28712	5.19101
0.550	29.410	0.150	0.35415	0.32515	0.02290	0.01821	0.67059	2.41653
0.550	49.010	0.250	0.28999	0.29596	0.02157	0.01708	0.44299	0.13891
0.550	68.610	0.350	0.27640	0.27818	0.02695	0.01776	0.13176	0.01605
0.550	88.220	0.450	0.25941	0.26544	0.02156	0.01810	0.39455	0.10774
0.550	107.800	0.550	0.24314	0.25553	0.01966	0.01927	0.97732	0.48737
0.550	127.400	0.650	0.27331	0.24741	0.03062	0.02313	0.34530	1.15225
0.550	147.000	0.750	0.23809	0.24052	0.03028	0.02742	0.09465	-0.00080
0.650	34.750	0.150	0.16250	0.14164	0.01715	0.01147	0.88805	3.10434
0.650	57.920	0.250	0.14294	0.12541	0.01375	0.01139	0.94840	2.48541
0.650	81.090	0.350	0.12265	0.11606	0.01243	0.01134	0.05981	0.33487
0.650	104.300	0.450	0.10823	0.10957	0.01889	0.01167	0.05593	0.01848
0.650	127.400	0.550	0.09247	0.10464	0.01789	0.01188	0.68955	1.18871
0.650	150.600	0.650	0.11153	0.10065	0.01956	0.01568	0.15285	0.51093
0.750	40.100	0.150	0.05806	0.04713	0.00752	0.00578	1.51288	3.82444
0.750	66.830	0.250	0.05379	0.04012	0.00938	0.00592	1.66824	5.36693
0.750	93.570	0.350	0.03599	0.03634	0.00778	0.00525	0.03196	0.00418
0.750	120.300	0.450	0.03793	0.03382	0.00747	0.00591	0.16191	0.47175
0.750	147.000	0.550	0.03896	0.03196	0.01046	0.00706	0.31498	0.91930
0.750	173.800	0.650	0.02992	0.03048	0.00913	0.00740	0.02452	0.01240
0.015	4.553	0.750	1.57973	1.24726	0.08839	0.05650	10.52242	33.61495
0.015	5.160	0.850	1.53029	1.19974	0.07474	0.05519	14.67184	34.85594
0.015	5.676	0.935	1.42114	1.16477	0.14709	0.09819	2.14114	6.22523
0.045	4.538	0.250	2.02975	1.84362	0.06826	0.06564	3.48218	7.80701
0.045	6.353	0.350	1.94325	1.82361	0.08861	0.06346	0.51179	3.62644
0.045	8.168	0.450	1.90926	1.78376	0.08992	0.06276	0.61019	4.02420
0.045	9.983	0.550	1.86292	1.73764	0.08996	0.06189	0.62925	4.29012
0.045	11.800	0.650	1.85365	1.69210	0.09522	0.06227	1.28415	6.42750
0.045	13.610	0.750	1.84336	1.65097	0.07824	0.06319	3.15709	8.53289
0.045	15.430	0.850	1.89279	1.61704	0.08715	0.06541	6.42878	17.53685
0.045	16.970	0.935	1.76612	1.59496	0.16031	0.12214	0.56066	1.74228
0.080	4.840	0.150	2.02460	1.97031	0.06389	0.05837	0.00456	0.88952
0.080	8.067	0.250	1.93192	1.96808	0.06130	0.05655	2.25614	0.37970
0.080	11.290	0.350	2.00710	1.93286	0.06774	0.05774	0.05679	1.66771
0.080	14.520	0.450	1.84130	1.88907	0.06856	0.05547	2.17329	0.82050
0.080	17.750	0.550	1.89485	1.84481	0.07865	0.05634	0.00375	0.59678
0.080	20.970	0.650	1.81967	1.80392	0.09854	0.05558	0.14040	0.04395
0.080	24.200	0.750	1.96075	1.76850	0.08672	0.05944	2.44114	10.39623
0.080	27.430	0.850	1.99474	1.74005	0.09109	0.06347	4.67511	15.88384
0.080	30.170	0.935	1.78672	1.72189	0.16132	0.11791	0.00661	0.23455
0.125	7.563	0.150	1.86498	1.95943	0.06022	0.05144	6.07443	3.54305
0.125	12.600	0.250	1.99268	1.92836	0.07175	0.05293	0.00857	1.35716
0.125	17.650	0.350	1.86086	1.88501	0.06643	0.05087	1.37908	0.24958
0.125	22.690	0.450	1.75891	1.84103	0.05847	0.04984	5.17712	2.69209
0.125	27.730	0.550	1.78672	1.80016	0.10383	0.05031	0.39380	0.03412
0.125	32.770	0.650	1.74244	1.76404	0.08288	0.05078	0.75561	0.17719
0.125	37.810	0.750	1.69815	1.73340	0.06955	0.05167	1.47259	0.50534
0.125	42.850	0.850	1.88352	1.70859	0.11444	0.05939	1.10702	8.23339
0.175	5.294	0.075	1.72390	1.83631	0.08392	0.06968	3.74132	2.46088
0.175	10.590	0.150	1.78466	1.81363	0.05686	0.05083	2.01043	0.31825
0.175	17.650	0.250	1.71257	1.76607	0.07092	0.04959	2.11200	1.55338
0.175	24.700	0.350	1.60650	1.72007	0.04923	0.04787	10.57175	5.71561
0.175	31.760	0.450	1.56943	1.67858	0.08110	0.04775	3.63327	5.54782
0.175	38.820	0.550	1.65078	1.64205	0.06028	0.04983	0.41970	-0.00275
0.175	45.880	0.650	1.53338	1.61044	0.06655	0.04949	3.32977	2.44143
0.175	52.940	0.750	1.52412	1.58358	0.10048	0.05184	1.06261	1.36881
0.175	60.000	0.850	1.59723	1.56134	0.06230	0.05996	0.02754	0.34856
0.225	6.806	0.075	1.66314	1.65108	0.07403	0.06898	0.23753	0.01112
0.225	13.610	0.150	1.61165	1.60300	0.05528	0.04876	0.47256	0.02284
0.225	22.690	0.250	1.54677	1.54773	0.06396	0.04781	0.51129	0.00393
0.225	31.760	0.350	1.47572	1.50246	0.05864	0.04723	1.40290	0.41161
0.225	40.840	0.450	1.47572	1.46423	0.06266	0.04742	0.24836	0.06919
0.225	49.910	0.550	1.35317	1.43166	0.05764	0.04604	4.16615	2.99470
0.225	58.990	0.650	1.36141	1.40375	0.05590	0.04825	2.13822	0.92085
0.225	68.060	0.750	1.30271	1.37993	0.06046	0.05053	3.61373	2.60861
0.225	77.140	0.850	1.34493	1.35975	0.06704	0.06096	0.64267	0.09651
0.275	8.319	0.075	1.42114	1.42968	0.07562	0.06475	0.43164	0.04192
0.275	16.640	0.150	1.36038	1.36716	0.05276	0.04534	0.76567	0.01442
0.275	27.730	0.250	1.30580	1.30978	0.04720	0.04441	0.78365	0.00859
0.275	38.820	0.350	1.26769	1.26680	0.05519	0.04407	0.42074	0.00319
0.275	49.910	0.450	1.13897	1.23215	0.05426	0.04206	5.40617	5.32085
0.275	61.010	0.550	1.15544	1.20322	0.04915	0.04395	2.73108	1.32809
0.275	72.100	0.650	1.14618	1.17864	0.05981	0.04588	1.20429	0.40302
0.275	83.190	0.750	1.16677	1.15755	0.05853	0.05101	0.17590	0.02819
0.275	94.280	0.850	0.96586	1.13941	0.09347	0.05756	4.64811	9.00135
0.350	10.590	0.075	1.18428	1.08442	0.04675	0.04316	1.96791	5.35681
0.350	21.180	0.150	1.01869	1.01473	0.03246	0.02857	0.61849	0.00661
0.350	35.290	0.250	0.94300	0.96068	0.03030	0.02732	2.20387	0.34978
0.350	49.410	0.350	0.93589	0.92325	0.03723	0.02777	0.15075	0.19178
0.350	63.530	0.450	0.88121	0.89439	0.02883	0.02751	1.80076	0.23223
0.350	77.640	0.550	0.86061	0.87087	0.02810	0.02818	1.56641	0.12649
0.350	91.760	0.650	0.84300	0.85104	0.03282	0.02982	0.97676	0.12063
0.350	105.900	0.750	0.80119	0.83396	0.04602	0.03307	1.47877	0.90431
0.350	120.000	0.850	0.80603	0.81913	0.05689	0.04672	0.41004	0.07839
0.450	13.610	0.075	0.70954	0.67221	0.04627	0.03247	0.13173	1.34926
0.450	27.230	0.150	0.59132	0.61041	0.03393	0.02088	1.13875	0.77274
0.450	45.380	0.250	0.56392	0.56763	0.03274	0.02093	0.37422	0.03250
0.450	63.530	0.350	0.54178	0.54001	0.02448	0.02096	0.32290	-0.00135
0.450	81.680	0.450	0.48576	0.51952	0.03033	0.02048	2.48594	2.81144
0.450	99.830	0.550	0.51202	0.50319	0.02851	0.02252	0.04415	0.16823
0.450	118.000	0.650	0.47876	0.48958	0.02680	0.02414	0.84745	0.24727
0.450	136.100	0.750	0.51851	0.47795	0.03194	0.03035	0.63978	1.64704
0.550	16.640	0.075	0.40142	0.36251	0.03150	0.02330	0.75017	2.56049
0.550	33.280	0.150	0.33397	0.31783	0.01946	0.01524	0.11045	1.30085
0.550	55.460	0.250	0.29555	0.28941	0.02195	0.01457	0.01210	0.18225
0.550	77.640	0.350	0.26693	0.27201	0.01961	0.01452	0.42677	0.18444
0.550	99.830	0.450	0.25714	0.25948	0.02647	0.01505	0.13665	0.04109
0.550	122.000	0.550	0.23027	0.24970	0.02027	0.01532	1.65760	1.66449
0.550	144.200	0.650	0.22419	0.24164	0.01976	0.01725	1.46817	1.11935
0.550	166.400	0.750	0.25457	0.23479	0.02939	0.02369	0.17818	0.48833
0.650	39.330	0.150	0.16951	0.13742	0.01485	0.00989	3.35286	9.99775
0.650	65.540	0.250	0.13727	0.12188	0.01446	0.00918	0.62403	3.19287
0.650	91.760	0.350	0.12862	0.11284	0.01242	0.00961	0.94287	2.48713
0.650	118.000	0.450	0.11719	0.10653	0.01605	0.00976	0.20485	1.17938
0.650	144.200	0.550	0.12224	0.10171	0.01490	0.01107	1.30016	3.42629
0.650	170.400	0.650	0.12111	0.09780	0.01471	0.01350	1.81268	3.00667
0.650	196.600	0.750	0.10638	0.09451	0.05509	0.01643	0.02544	0.66255
0.750	45.380	0.150	0.06030	0.04524	0.00839	0.00486	2.51844	9.89087
0.750	75.630	0.250	0.05048	0.03866	0.00641	0.00472	2.61470	6.27326
0.750	105.900	0.350	0.04291	0.03507	0.00592	0.00475	1.24058	2.69585
0.750	136.100	0.450	0.04250	0.03266	0.00587	0.00521	2.14828	3.24128
0.750	166.400	0.550	0.03994	0.03086	0.00599	0.00579	1.74762	2.45555
0.750	196.600	0.650	0.03681	0.02943	0.00775	0.00657	0.66213	1.20210
0.015	4.496	0.650	1.52206	1.33862	0.09739	0.06885	2.04828	6.60016
0.015	5.188	0.750	1.57664	1.28593	0.08931	0.06971	7.52897	16.71213
0.015	5.880	0.850	1.45924	1.23780	0.09036	0.06562	3.93324	11.17362
0.015	6.468	0.935	1.23783	1.20269	0.13664	0.09585	0.00003	0.11549
0.045	5.171	0.250	1.86910	1.87721	0.09458	0.07779	0.43261	0.00944
0.045	7.239	0.350	1.99371	1.85381	0.10473	0.08088	0.61587	3.11774
0.045	9.307	0.450	1.83409	1.81129	0.08862	0.07668	0.11685	0.09637
0.045	11.380	0.550	1.90412	1.76316	0.14774	0.07813	0.33755	2.49297
0.045	13.440	0.650	1.71360	1.71585	0.10089	0.07380	0.26417	0.00278
0.045	15.510	0.750	1.75685	1.67365	0.09995	0.07492	0.10477	1.35957
0.045	17.580	0.850	1.80525	1.63886	0.11429	0.07725	0.99748	4.10186
0.045	19.340	0.935	2.02048	1.61639	0.17185	0.13727	4.04467	8.73104
0.080	5.515	0.150	2.13067	1.99363	0.12541	0.07576	0.36123	2.93531
0.080	9.192	0.250	1.92780	1.98648	0.08719	0.07063	1.72391	0.79014
0.080	12.870	0.350	2.02666	1.94818	0.08124	0.07285	0.05950	0.97100
0.080	16.550	0.450	1.94943	1.90212	0.09701	0.07109	0.00884	0.38732
0.080	20.220	0.550	1.77951	1.85616	0.08296	0.06739	2.38655	1.36970
0.080	23.900	0.650	1.73317	1.81384	0.09464	0.06619	1.91131	1.61919
0.080	27.580	0.750	1.70948	1.77807	0.08534	0.06691	1.91392	1.19082
0.080	31.250	0.850	1.91956	1.74829	0.12170	0.07369	0.90397	4.77479
0.080	34.380	0.935	1.83100	1.72974	0.16423	0.12461	0.08637	0.51996
0.125	4.309	0.075	1.88558	1.95601	0.10049	0.08872	1.54778	0.67252
0.125	8.618	0.150	1.87528	1.96861	0.06700	0.06414	4.85393	1.95247
0.125	14.360	0.250	1.88764	1.93358	0.07840	0.06426	1.64598	0.66903
0.125	20.110	0.350	1.75891	1.88791	0.08293	0.06143	4.70621	4.13617
0.125	25.850	0.450	1.72184	1.84226	0.06865	0.06073	6.15137	4.14521
0.125	31.600	0.550	1.75685	1.80028	0.09693	0.06209	0.94598	0.76177
0.125	37.340	0.650	1.65902	1.76331	0.07012	0.06044	4.71852	3.26360
0.125	43.090	0.750	1.65284	1.73200	0.08101	0.06149	2.45785	1.75626
0.125	48.830	0.850	1.73111	1.70665	0.10372	0.06735	0.06118	0.15360
0.125	53.720	0.935	1.80010	1.68992	0.16782	0.12461	0.11977	0.56035
0.175	6.033	0.075	1.70639	1.84037	0.10986	0.08492	2.78631	2.71802
0.175	12.070	0.150	1.69815	1.81268	0.06769	0.06135	5.84674	3.56234
0.175	20.110	0.250	1.68786	1.76231	0.07326	0.06093	2.83279	1.46797
0.175	28.150	0.350	1.69815	1.71475	0.07559	0.06137	0.75657	0.09630
0.175	36.200	0.450	1.51382	1.67223	0.07106	0.05773	8.09989	7.50961
0.175	44.240	0.550	1.49425	1.63497	0.08022	0.05779	5.25874	5.86013
0.175	52.280	0.650	1.54471	1.60276	0.10316	0.05971	0.99233	1.10266
0.175	60.330	0.750	1.55707	1.57541	0.07624	0.06243	0.69166	0.09600
0.175	68.370	0.850	1.49322	1.55273	0.08879	0.06760	1.33875	0.95679
0.225	7.756	0.075	1.65181	1.64743	0.11633	0.08495	0.13935	-0.00171
0.225	15.510	0.150	1.52515	1.59581	0.08665	0.05871	1.75577	1.72252
0.225	25.850	0.250	1.64975	1.53885	0.08054	0.06100	0.61475	3.78949
0.225	36.200	0.350	1.37067	1.49253	0.07514	0.05482	4.62144	5.28451
0.225	46.540	0.450	1.30580	1.45368	0.07762	0.05378	5.72228	8.15696
0.225	56.880	0.550	1.33051	1.42060	0.07808	0.05527	2.71284	2.60771
0.225	67.220	0.650	1.31301	1.39228	0.06553	0.05642	3.20266	2.03859
0.225	77.560	0.750	1.22753	1.36807	0.07348	0.05765	5.74167	5.84345
0.225	87.900	0.850	1.32227	1.34754	0.07237	0.07018	0.77089	0.16484
0.275	9.480	0.075	1.44688	1.42115	0.09301	0.08017	0.03016	0.11432
0.275	18.960	0.150	1.32227	1.35651	0.06145	0.05438	1.39224	0.48036
0.275	31.600	0.250	1.18119	1.29825	0.07111	0.05106	4.52396	5.45327
0.275	44.240	0.350	1.33051	1.25470	0.07036	0.05528	0.28099	1.54326
0.275	56.880	0.450	1.18119	1.21966	0.05733	0.05223	1.60614	0.49673
0.275	69.520	0.550	1.07821	1.19042	0.05446	0.05059	6.93494	5.04243
0.275	82.160	0.650	1.00973	1.16553	0.08476	0.05030	4.76576	9.77726
0.275	94.800	0.750	1.08748	1.14416	0.05859	0.05748	2.26361	1.02073
0.275	107.400	0.850	1.05349	1.12577	0.11633	0.06942	0.78052	1.41359
0.350	12.070	0.075	1.07512	1.07240	0.06050	0.04945	0.22040	0.00445
0.350	24.130	0.150	1.04629	1.00258	0.03816	0.03532	0.12366	1.66814
0.350	40.220	0.250	0.87266	0.94830	0.03396	0.03179	8.82625	5.76603
0.350	56.300	0.350	0.86617	0.91079	0.03455	0.03235	4.06943	1.87355
0.350	72.390	0.450	0.89140	0.88182	0.03857	0.03319	0.17683	0.12733
0.350	88.480	0.550	0.85278	0.85816	0.04993	0.03315	0.36241	0.03912
0.350	104.600	0.650	0.84207	0.83816	0.04359	0.03540	0.22022	-0.00341
0.350	120.700	0.750	0.80263	0.82094	0.04706	0.03876	0.77917	0.32922
0.350	136.700	0.850	0.73672	0.80598	0.05236	0.04868	2.99249	2.26833
0.450	15.510	0.075	0.64693	0.66020	0.05220	0.03638	0.37587	0.13106
0.450	31.020	0.150	0.60336	0.59971	0.02856	0.02526	0.23367	0.02068
0.450	51.710	0.250	0.60532	0.55742	0.02996	0.02600	1.02812	3.15044
0.450	72.390	0.350	0.49606	0.53005	0.02765	0.02376	3.05836	2.03131
0.450	93.070	0.450	0.49101	0.50968	0.02966	0.02445	1.22935	0.69956
0.450	113.800	0.550	0.47186	0.49336	0.02997	0.02526	1.37598	0.68695
0.450	134.400	0.650	0.47042	0.47980	0.02963	0.02723	0.60269	0.11930
0.450	155.100	0.750	0.49235	0.46809	0.04074	0.03407	0.06031	0.48580
0.550	18.960	0.075	0.32346	0.35326	0.04297	0.02350	0.83049	1.57416
0.550	37.920	0.150	0.32593	0.31034	0.02550	0.01737	0.05825	0.90700
0.550	63.200	0.250	0.28783	0.28267	0.01884	0.01666	0.02828	0.14600
0.550	88.480	0.350	0.25776	0.26561	0.02531	0.01608	0.36623	0.24544
0.550	113.800	0.450	0.25714	0.25327	0.02425	0.01719	0.02162	0.05653
0.550	139.000	0.550	0.23129	0.24361	0.02286	0.01773	0.69139	0.68737
0.550	164.300	0.650	0.22996	0.23561	0.02091	0.01961	0.34678	0.09027
0.550	189.600	0.750	0.24376	0.22879	0.03044	0.02560	0.06757	0.33173
0.650	22.410	0.075	0.18320	0.15836	0.01828	0.01643	1.14293	2.45962
0.650	44.810	0.150	0.13264	0.13318	0.01329	0.00978	0.10888	0.00310
0.650	74.690	0.250	0.12615	0.11828	0.01370	0.00999	0.09472	0.62370
0.650	104.600	0.350	0.11997	0.10954	0.02421	0.01015	0.08265	1.04143
0.650	134.400	0.450	0.09316	0.10342	0.01456	0.00955	0.79243	1.29939
0.650	164.300	0.550	0.10137	0.09868	0.01499	0.01128	0.00027	-0.00015
0.650	194.200	0.650	0.10926	0.09483	0.01501	0.01392	0.56341	1.17760
0.650	224.100	0.750	0.10150	0.09158	0.01793	0.01733	0.15143	0.33430
0.750	51.710	0.150	0.06208	0.04339	0.00785	0.00548	4.62710	10.94972
0.750	86.180	0.250	0.04713	0.03721	0.00628	0.00506	1.86071	3.90239
0.750	120.700	0.350	0.04016	0.03379	0.00536	0.00489	0.94483	1.44965
0.750	155.100	0.450	0.03919	0.03148	0.00684	0.00552	0.92570	1.82133
0.750	189.600	0.550	0.03883	0.02974	0.00722	0.00615	1.21929	2.04247
0.750	224.100	0.650	0.02666	0.02835	0.00751	0.00608	0.10699	0.08865
0.015	4.270	0.550	1.71360	1.42858	0.18610	0.10607	1.60022	5.93961
0.015	5.047	0.650	1.61680	1.37406	0.18485	0.10197	1.12358	4.94962
0.015	5.823	0.750	1.86086	1.32031	0.18867	0.10895	6.65417	22.84491
0.015	6.600	0.850	1.81761	1.27159	0.16687	0.10710	8.74323	24.15724
0.015	7.260	0.935	1.68477	1.23649	0.21093	0.15272	3.58762	8.02007
0.045	5.804	0.250	1.95767	1.90627	0.15127	0.11256	0.00121	0.08870
0.045	8.125	0.350	2.27073	1.87982	0.20185	0.12286	2.59522	9.11234
0.045	10.450	0.450	1.99268	1.83500	0.17333	0.11451	0.33290	1.55620
0.045	12.770	0.550	1.92471	1.78485	0.16570	0.11153	0.25793	1.27502
0.045	15.090	0.650	2.10699	1.73621	0.20376	0.11853	2.31164	8.48350
0.045	17.410	0.750	1.90617	1.69289	0.19233	0.11143	0.67579	3.13206
0.045	19.730	0.850	2.00710	1.65734	0.16519	0.11678	3.11738	8.24367
0.045	21.710	0.935	1.80731	1.63436	0.25671	0.17332	0.22087	0.74313
0.080	6.191	0.150	2.30471	2.01333	0.16670	0.10967	1.81641	6.28938
0.080	10.320	0.250	2.26764	2.00158	0.15995	0.10967	1.57016	5.03083
0.080	14.450	0.350	1.84748	1.96080	0.13542	0.09633	1.51729	1.56906
0.080	18.570	0.450	2.10390	1.91276	0.14999	0.10576	0.75405	2.61674
0.080	22.700	0.550	2.01019	1.86520	0.13550	0.10370	0.41033	1.74895
0.080	26.830	0.650	2.09978	1.82180	0.21431	0.10772	1.02723	5.47093
0.080	30.950	0.750	2.08948	1.78460	0.16704	0.10782	2.14078	7.24751
0.080	35.080	0.850	2.02254	1.75482	0.20436	0.10844	1.04770	5.15116
0.080	38.590	0.935	1.85468	1.73586	0.33273	0.16425	0.03833	0.29507
0.125	4.837	0.075	2.06271	1.96875	0.17386	0.12698	0.03880	0.29773
0.125	9.673	0.150	2.03078	1.97583	0.13878	0.09216	0.00076	0.16924
0.125	16.120	0.250	1.96178	1.93739	0.15232	0.09261	0.04523	0.05698
0.125	22.570	0.350	2.06271	1.88963	0.18724	0.09618	0.36661	2.35376
0.125	29.020	0.450	1.91338	1.84265	0.15513	0.09199	0.00980	0.30321
0.125	35.470	0.550	1.87116	1.79969	0.14984	0.09215	0.01334	0.28703
0.125	41.920	0.650	1.97929	1.76198	0.12267	0.09555	1.70153	4.90265
0.125	48.370	0.750	1.90000	1.73007	0.17580	0.09645	0.42735	2.55287
0.125	54.810	0.850	1.93192	1.70424	0.19197	0.10319	0.80054	3.83999
0.125	60.300	0.935	1.67035	1.68715	0.19605	0.15694	0.11043	0.04337
0.175	6.771	0.075	1.93810	1.84305	0.15946	0.12564	0.05965	0.34787
0.175	13.540	0.150	1.86292	1.81113	0.16992	0.08913	0.00016	0.08711
0.175	22.570	0.250	1.67447	1.75840	0.09911	0.08428	1.78446	1.25534
0.175	31.600	0.350	1.67447	1.70950	0.11454	0.08525	0.53151	0.30994
0.175	40.630	0.450	1.63328	1.66611	0.12353	0.08580	0.42055	0.23681
0.175	49.660	0.550	1.78981	1.62818	0.14948	0.09212	0.53984	2.60563
0.175	58.680	0.650	1.66932	1.59544	0.12467	0.09010	0.04202	0.46211
0.175	67.710	0.750	1.66932	1.56763	0.19130	0.09439	0.07783	0.69900
0.175	76.740	0.850	1.65181	1.54454	0.16952	0.10189	0.12303	0.65120
0.175	84.410	0.935	1.70536	1.52849	0.23393	0.18063	0.29713	0.86379
0.225	8.706	0.075	1.63739	1.64352	0.20266	0.11482	0.06974	0.03078
0.225	17.410	0.150	1.64975	1.58901	0.12428	0.08393	0.01093	0.29401
0.225	29.020	0.250	1.43452	1.53059	0.10250	0.07788	1.80192	1.88325
0.225	40.630	0.350	1.65902	1.48343	0.13733	0.08778	0.86295	3.73045
0.225	52.230	0.450	1.53544	1.44400	0.13740	0.08431	0.11699	0.76888
0.225	63.840	0.550	1.38509	1.41045	0.11274	0.08106	0.33707	0.21465
0.225	75.450	0.650	1.28520	1.38173	0.12137	0.07924	1.21397	1.89483
0.225	87.060	0.750	1.48498	1.35715	0.13206	0.09122	0.41283	1.47453
0.225	98.670	0.850	1.41187	1.33627	0.17489	0.10193	0.03943	0.43764
0.275	10.640	0.075	1.57870	1.41322	0.12705	0.11328	0.88882	2.18670
0.275	21.280	0.150	1.34390	1.34691	0.08584	0.07493	0.23833	0.01055
0.275	35.470	0.250	1.28623	1.28783	0.11227	0.07506	0.11960	0.00516
0.275	49.660	0.350	1.22650	1.24378	0.08284	0.07348	0.40603	0.07954
0.275	63.840	0.450	1.34081	1.20839	0.12223	0.07985	0.58656	2.16068
0.275	78.030	0.550	1.27284	1.17883	0.10440	0.07867	0.29989	1.13203
0.275	92.220	0.650	1.28417	1.15365	0.11655	0.08288	0.64152	1.99932
0.275	106.400	0.750	1.17913	1.13200	0.14129	0.08452	0.00847	0.06356
0.275	120.600	0.850	1.05040	1.11328	0.11480	0.09453	0.66014	0.61070
0.350	13.540	0.075	0.99171	1.06174	0.10948	0.06298	0.81346	1.54120
0.350	27.080	0.150	1.05658	0.99177	0.06628	0.04780	0.26665	1.33081
0.350	45.140	0.250	1.04526	0.93732	0.06296	0.04837	1.52230	4.18298
0.350	63.200	0.350	0.88728	0.89969	0.05830	0.04498	0.42686	0.15650
0.350	81.250	0.450	0.89645	0.87061	0.06736	0.04684	0.00000	0.09043
0.350	99.310	0.550	0.87534	0.84681	0.06962	0.04793	0.00210	0.15747
0.350	117.400	0.650	0.82549	0.82665	0.06100	0.04933	0.16856	0.00461
0.350	135.400	0.750	0.85361	0.80930	0.07526	0.05511	0.06780	0.45487
0.350	153.500	0.850	0.82086	0.79405	0.07799	0.06877	0.00153	0.12267
0.450	17.410	0.075	0.58091	0.64979	0.08070	0.04483	1.12756	2.69526
0.450	34.820	0.150	0.60759	0.59034	0.05180	0.03357	0.00004	0.30231
0.450	58.040	0.250	0.51583	0.54848	0.04855	0.03108	0.96060	1.41132
0.450	81.250	0.350	0.50811	0.52130	0.03980	0.03270	0.49139	0.24530
0.450	104.500	0.450	0.51078	0.50097	0.04100	0.03422	0.01471	0.01490
0.450	127.700	0.550	0.45538	0.48470	0.05096	0.03395	0.69545	0.96704
0.450	150.900	0.650	0.47454	0.47107	0.04659	0.03760	0.04854	-0.01393
0.450	174.100	0.750	0.49585	0.45932	0.06491	0.04645	0.11681	0.34800
0.450	197.300	0.850	0.35580	0.44899	0.06035	0.05679	2.94054	2.86428
0.550	21.280	0.075	0.36970	0.34548	0.04433	0.03297	0.09304	0.34560
0.550	42.560	0.150	0.34272	0.30391	0.02699	0.02321	1.14561	2.44974
0.550	70.940	0.250	0.26301	0.27683	0.02692	0.02070	0.63374	0.49434
0.550	99.310	0.350	0.27259	0.26006	0.03290	0.02311	0.01993	0.19624
0.550	127.700	0.450	0.26394	0.24786	0.02936	0.02346	0.08268	0.43823
0.550	156.100	0.550	0.24396	0.23824	0.02576	0.02400	0.00271	0.04686
0.550	184.400	0.650	0.20524	0.23030	0.02563	0.02537	1.46324	1.04715
0.550	212.800	0.750	0.21420	0.22348	0.03789	0.03207	0.16692	0.15297
0.650	25.150	0.075	0.20153	0.15362	0.02965	0.02143	2.01368	4.81337
0.650	50.300	0.150	0.15334	0.12960	0.01625	0.01349	1.41011	2.97325
0.650	83.830	0.250	0.11719	0.11522	0.01616	0.01235	0.00772	0.01484
0.650	117.400	0.350	0.13933	0.10671	0.01792	0.01475	2.54666	4.73225
0.650	150.900	0.450	0.08860	0.10070	0.01717	0.01247	0.72904	0.84207
0.650	184.400	0.550	0.10741	0.09605	0.01665	0.01506	0.24547	0.45761
0.650	218.000	0.650	0.10751	0.09224	0.02180	0.01748	0.31098	0.45786
0.650	251.500	0.750	0.10545	0.08902	0.02681	0.02307	0.24884	0.40833
0.750	58.040	0.150	0.05516	0.04185	0.00926	0.00619	1.59901	5.21849
0.750	96.730	0.250	0.03632	0.03599	0.01128	0.00522	0.00403	-0.00095
0.750	135.400	0.350	0.03654	0.03271	0.00881	0.00585	0.09874	0.36783
0.750	174.100	0.450	0.02907	0.03047	0.00748	0.00572	0.08978	0.10328
0.750	212.800	0.550	0.03506	0.02878	0.00841	0.00749	0.39347	0.58889
0.750	251.500	0.650	0.03597	0.02741	0.01176	0.00922	0.40844	0.89856
0.015	4.736	0.550	1.63739	1.46178	0.22917	0.14551	0.31303	1.35144
0.015	5.597	0.650	1.37891	1.40591	0.21675	0.12976	0.09531	0.11110
0.015	6.458	0.750	1.32742	1.35123	0.19499	0.12821	0.10184	0.07184
0.015	7.320	0.850	1.34802	1.30210	0.19196	0.12739	0.00129	0.01854
0.015	8.052	0.935	1.37067	1.26648	0.27674	0.17888	0.05436	0.19539
0.045	6.437	0.250	2.07712	1.93179	0.26289	0.16652	0.10506	0.51845
0.045	9.012	0.350	2.17598	1.90257	0.35763	0.17167	0.34621	2.19994
0.045	11.590	0.450	2.10802	1.85554	0.25463	0.16631	0.56535	1.97663
0.045	14.160	0.550	1.83924	1.80366	0.27651	0.15653	0.00408	0.05538
0.045	16.740	0.650	1.75067	1.75380	0.27867	0.15169	0.03727	0.00754
0.045	19.310	0.750	1.81658	1.70949	0.23670	0.15519	0.05303	0.33166
0.045	21.890	0.850	1.78878	1.67315	0.32656	0.16075	0.03823	0.41482
0.045	24.070	0.935	1.70536	1.64964	0.33749	0.21822	0.00036	-0.07257
0.080	6.866	0.150	2.16878	2.03021	0.23653	0.14788	0.10266	0.72618
0.080	11.440	0.250	2.26249	2.01456	0.29210	0.15550	0.39009	2.11429
0.080	16.020	0.350	1.80113	1.97137	0.18270	0.13563	1.48142	2.01874
0.080	20.600	0.450	1.64357	1.92162	0.21451	0.13099	2.30418	5.10113
0.080	25.180	0.550	1.85365	1.87265	0.21946	0.14026	0.10958	0.02212
0.080	29.750	0.650	1.61577	1.82884	0.22868	0.12924	1.29106	3.19160
0.080	34.330	0.750	1.52721	1.79036	0.18487	0.12574	2.76424	5.06401
0.080	38.910	0.850	1.80216	1.76002	0.19793	0.14520	0.00256	0.04091
0.080	42.800	0.935	1.71978	1.74070	0.31560	0.21235	0.05018	0.02530
0.125	5.364	0.075	2.08124	1.97930	0.29695	0.17795	0.01972	0.21404
0.125	10.730	0.150	1.89691	1.98162	0.20559	0.12502	0.46119	0.61201
0.125	17.880	0.250	1.88249	1.94019	0.19570	0.12574	0.32863	0.27854
0.125	25.030	0.350	1.76097	1.89060	0.15938	0.12183	1.28390	1.34004
0.125	32.190	0.450	1.37891	1.84244	0.22491	0.10813	5.01041	18.98140
0.125	39.340	0.550	1.48086	1.79863	0.17161	0.11359	4.41617	8.45549
0.125	46.490	0.650	1.44585	1.76024	0.16763	0.11472	4.51651	8.66927
0.125	53.640	0.750	1.47880	1.72779	0.19944	0.11863	2.14051	4.94651
0.125	60.790	0.850	1.44688	1.70150	0.19266	0.12327	2.36853	4.50592
0.125	66.870	0.935	1.58076	1.68408	0.25388	0.20081	0.34479	0.35136
0.175	7.510	0.075	1.62710	1.84477	0.20954	0.15560	1.59660	2.11587
0.175	15.020	0.150	1.81452	1.80923	0.29673	0.12471	0.02533	-0.00752
0.175	25.030	0.250	1.85777	1.75444	0.26507	0.12749	0.03495	0.48610
0.175	35.050	0.350	1.67241	1.70438	0.17245	0.12100	0.21723	0.12824
0.175	45.060	0.450	1.41187	1.66020	0.15664	0.11184	3.40884	5.35732
0.175	55.070	0.550	1.53853	1.62167	0.20548	0.11884	0.38608	0.63450
0.175	65.090	0.650	1.50146	1.58843	0.21678	0.11946	0.36201	0.69096
0.175	75.100	0.750	1.47057	1.56020	0.20594	0.12141	0.41206	0.80733
0.175	85.110	0.850	1.20076	1.53671	0.17031	0.12100	4.73778	7.99002
0.175	93.620	0.935	1.49528	1.52034	0.41955	0.23562	0.02653	0.02086
0.225	9.656	0.075	1.52206	1.63953	0.19472	0.15056	0.68814	0.70241
0.225	19.310	0.150	1.55913	1.58256	0.31034	0.11472	0.04880	0.11223
0.225	32.190	0.250	1.27799	1.52291	0.13980	0.10298	4.06634	6.04310
0.225	45.060	0.350	1.31506	1.47498	0.15899	0.10617	1.55054	2.55152
0.225	57.930	0.450	1.24607	1.43502	0.17572	0.10597	1.63985	3.43181
0.225	70.810	0.550	1.06585	1.40103	0.11918	0.09911	9.43201	12.09141
0.225	83.680	0.650	1.18943	1.37193	0.17135	0.10957	1.60280	3.24830
0.225	96.560	0.750	1.11940	1.34699	0.20836	0.11101	1.55698	4.70385
0.225	109.400	0.850	1.23680	1.32580	0.17924	0.13336	0.48483	0.48933
0.225	120.400	0.935	0.80521	1.31037	0.28676	0.19329	3.39637	7.37700
0.275	11.800	0.075	1.17810	1.40575	0.15779	0.13161	2.75173	3.12017
0.275	23.600	0.150	1.38406	1.33818	0.15251	0.10556	0.00146	0.08973
0.275	39.340	0.250	1.26460	1.27831	0.13779	0.10411	0.13332	0.05415
0.275	55.070	0.350	1.09263	1.23383	0.14581	0.09732	1.40499	2.29179
0.275	70.810	0.450	1.03599	1.19808	0.11999	0.09722	2.56229	2.78816
0.275	86.540	0.550	1.11425	1.16822	0.18212	0.10442	0.22413	0.34172
0.275	102.300	0.650	1.07203	1.14272	0.18858	0.10689	0.29097	0.61728
0.275	118.000	0.750	1.03290	1.12081	0.17901	0.11091	0.43313	0.94186
0.275	133.700	0.850	1.04526	1.10184	0.23722	0.13079	0.13402	0.31892
0.350	15.020	0.075	1.02507	1.05205	0.13161	0.08745	0.18529	0.08077
0.350	30.040	0.150	1.08439	0.98202	0.12984	0.06692	0.29888	2.30368
0.350	50.070	0.250	0.84455	0.92743	0.08371	0.05967	1.64411	2.29621
0.350	70.090	0.350	0.79851	0.88969	0.12539	0.05995	0.83082	2.66998
0.350	90.120	0.450	0.98553	0.86047	0.13611	0.06981	0.50301	2.78157
0.350	110.100	0.550	0.55919	0.83655	0.07810	0.05306	14.12748	27.96474
0.350	130.200	0.650	0.69800	0.81618	0.10792	0.06341	1.64408	3.74305
0.350	150.200	0.750	0.65588	0.79862	0.09608	0.06582	2.83344	5.24136
0.350	170.200	0.850	0.76721	0.78322	0.13391	0.09110	0.08147	0.06542
0.450	19.310	0.075	0.58545	0.64061	0.07299	0.06043	0.97612	0.99411
0.450	38.620	0.150	0.59935	0.58204	0.06895	0.04512	0.00000	0.05484
0.450	64.370	0.250	0.51995	0.54053	0.05177	0.04388	0.47368	0.28970
0.450	90.120	0.350	0.52304	0.51348	0.06493	0.04730	0.00738	-0.02330
0.450	115.900	0.450	0.46846	0.49319	0.05600	0.04523	0.46751	0.29913
0.450	141.600	0.550	0.42696	0.47691	0.06466	0.04725	0.92870	1.33519
0.450	167.400	0.650	0.39061	0.46319	0.05245	0.04601	2.55836	2.80264
0.450	193.100	0.750	0.41182	0.45138	0.07842	0.05743	0.43093	0.52803
0.450	218.900	0.850	0.17280	0.44094	0.05347	0.04851	26.09006	31.39805
0.550	23.600	0.075	0.35662	0.33882	0.05882	0.04261	0.01616	0.08539
0.550	47.200	0.150	0.33819	0.29828	0.03780	0.03055	0.63483	1.48045
0.550	78.670	0.250	0.25920	0.27170	0.03263	0.02854	0.37560	0.16521
0.550	110.100	0.350	0.28361	0.25515	0.04237	0.03147	0.22838	0.50274
0.550	141.600	0.450	0.23686	0.24305	0.03842	0.03144	0.11538	0.03719
0.550	173.100	0.550	0.18506	0.23348	0.04348	0.03043	1.52989	2.71767
0.550	204.600	0.650	0.18588	0.22552	0.04372	0.03321	1.06031	1.81976
0.550	236.000	0.750	0.17754	0.21871	0.04370	0.03872	1.12341	1.20063
0.650	27.890	0.075	0.17136	0.14958	0.03384	0.02507	0.24704	0.70392
0.650	55.790	0.150	0.13604	0.12651	0.02286	0.01634	0.05988	0.36069
0.650	92.980	0.250	0.14005	0.11255	0.01975	0.01785	1.41023	2.25399
0.650	130.200	0.350	0.08644	0.10422	0.01722	0.01479	1.38714	1.45982
0.650	167.400	0.450	0.12059	0.09831	0.02150	0.01951	0.76410	1.08408
0.650	204.600	0.550	0.15169	0.09371	0.03691	0.02634	2.10827	4.58640
0.650	241.700	0.650	0.09835	0.08995	0.02978	0.02209	0.03472	0.06325
0.650	278.900	0.750	0.09509	0.08674	0.06845	0.02941	0.00669	-0.11422
0.750	64.370	0.150	0.06281	0.04055	0.01286	0.00827	2.52416	6.88675
0.750	107.300	0.250	0.04659	0.03494	0.01135	0.00813	0.82443	1.50054
0.750	150.200	0.350	0.03816	0.03177	0.01022	0.00771	0.26787	0.60577
0.750	193.100	0.450	0.02896	0.02959	0.01011	0.00742	0.02108	0.03205
0.750	236.000	0.550	0.03626	0.02793	0.01590	0.01075	0.20965	0.44842
0.015	4.320	0.450	1.38715	1.54946	0.27940	0.19700	0.52507	0.68492
0.015	5.280	0.550	2.23365	1.49678	0.52133	0.26312	1.66261	7.32964
0.015	6.240	0.650	1.57355	1.43949	0.28447	0.21152	0.09681	0.30028
0.015	7.200	0.750	1.46233	1.38392	0.30314	0.20442	0.01417	0.03883
0.015	8.160	0.850	1.55707	1.33375	0.37072	0.20926	0.23120	1.07382
0.015	8.976	0.935	1.49734	1.29806	0.31834	0.26621	0.23995	0.55768
0.045	4.305	0.150	1.66108	1.93965	0.38162	0.20596	0.73265	1.98473
0.045	7.176	0.250	2.62498	1.95802	0.54232	0.27135	1.18751	6.13729
0.045	10.050	0.350	1.80010	1.92590	0.39185	0.22954	0.20611	0.42268
0.045	12.920	0.450	2.07094	1.87646	0.35196	0.24582	0.14612	0.60350
0.045	15.790	0.550	1.85468	1.82285	0.31433	0.23521	0.00483	0.00943
0.045	18.660	0.650	1.64254	1.77154	0.36564	0.22563	0.23311	0.24756
0.045	21.530	0.750	1.62916	1.72613	0.40256	0.22594	0.12819	0.24098
0.045	24.400	0.850	1.78260	1.68894	0.31195	0.23119	0.01818	0.02946
0.045	26.840	0.935	1.30580	1.66510	0.38990	0.29216	1.03730	1.57562
0.080	7.654	0.150	2.00298	2.04718	0.28102	0.19319	0.13222	0.04672
0.080	12.760	0.250	2.02666	2.02762	0.35261	0.20936	0.02859	0.00020
0.080	17.860	0.350	2.12964	1.98181	0.50929	0.22213	0.02864	0.42462
0.080	22.960	0.450	1.82070	1.93007	0.32965	0.20122	0.24171	0.40285
0.080	28.060	0.550	1.84645	1.88041	0.46523	0.21060	0.03530	0.06088
0.080	33.170	0.650	1.64254	1.83440	0.29339	0.19659	0.66582	0.90168
0.080	38.270	0.750	1.79393	1.79573	0.32764	0.21904	0.02689	0.00089
0.080	43.370	0.850	1.73317	1.76480	0.47979	0.21564	0.02906	0.06117
0.080	47.710	0.935	1.74552	1.74510	0.39387	0.30626	0.01618	-0.00008
0.125	5.980	0.075	2.08948	1.98956	0.26836	0.23387	0.02160	0.21852
0.125	11.960	0.150	1.63122	1.98699	0.27436	0.16147	2.15740	4.71524
0.125	19.930	0.250	1.86189	1.94250	0.30278	0.17764	0.19733	0.21798
0.125	27.910	0.350	1.88970	1.89103	0.32609	0.18701	0.02953	0.00136
0.125	35.880	0.450	1.99989	1.84165	0.49057	0.20370	0.04184	0.60400
0.125	43.850	0.550	1.71257	1.79693	0.29357	0.18495	0.20815	0.22939
0.125	51.820	0.650	1.31609	1.75787	0.27049	0.16528	3.14738	7.41358
0.125	59.800	0.750	1.38612	1.72482	0.26573	0.17548	2.03227	4.13937
0.125	67.770	0.850	1.33257	1.69803	0.27456	0.18444	2.16544	4.23061
0.125	74.550	0.935	1.48910	1.68023	0.33793	0.28557	0.48045	0.50616
0.175	8.372	0.075	1.87528	1.84590	0.35459	0.22913	0.00493	0.02707
0.175	16.740	0.150	1.68477	1.80672	0.21716	0.16240	0.61808	0.65821
0.175	27.910	0.250	1.84336	1.74983	0.27722	0.17579	0.02100	0.24758
0.175	39.070	0.350	1.73214	1.69858	0.32608	0.17980	0.00258	0.07572
0.175	50.230	0.450	1.49322	1.65357	0.23982	0.16930	0.72059	0.90932
0.175	61.390	0.550	1.29447	1.61440	0.29264	0.16611	1.49160	4.02116
0.175	72.550	0.650	1.30065	1.58063	0.30759	0.16714	1.06632	3.05414
0.175	83.720	0.750	1.44688	1.55190	0.36172	0.18876	0.16493	0.34542
0.175	94.880	0.850	1.87940	1.52798	0.44634	0.22944	0.44284	2.04864
0.175	104.400	0.935	1.48704	1.51122	0.43663	0.32748	0.02370	0.00519
0.225	10.760	0.075	1.48704	1.63490	0.33630	0.20153	0.32221	0.57484
0.225	21.530	0.150	1.61474	1.57550	0.27632	0.15447	0.00074	0.04420
0.225	35.880	0.250	1.46748	1.51451	0.31133	0.16147	0.08265	0.11853
0.225	50.230	0.350	1.43452	1.46582	0.28326	0.16281	0.06608	0.02826
0.225	64.580	0.450	1.22856	1.42527	0.21195	0.14994	1.20098	1.94923
0.225	78.930	0.550	1.18634	1.39081	0.20245	0.15694	1.39148	1.65857
0.225	93.280	0.650	0.87925	1.36127	0.19975	0.13892	6.45457	12.77398
0.225	107.600	0.750	1.47880	1.33597	0.33970	0.19968	0.08671	0.35470
0.225	122.000	0.850	1.27387	1.31431	0.31174	0.20699	0.06150	0.06169
0.225	134.200	0.935	1.45409	1.29860	0.49877	0.36404	0.05169	0.14945
0.275	4.473	0.025	1.22238	1.46991	0.30611	0.26816	0.85417	0.76436
0.275	13.160	0.075	1.42422	1.39762	0.26566	0.19947	0.00303	-0.00531
0.275	26.310	0.150	1.50249	1.32881	0.24013	0.15066	0.29396	1.51875
0.275	43.850	0.250	1.32021	1.26816	0.24239	0.14551	0.00326	0.04849
0.275	61.390	0.350	1.10292	1.22319	0.22033	0.13717	0.47710	0.81505
0.275	78.930	0.450	0.97296	1.18705	0.16549	0.13593	2.14279	2.90486
0.275	96.470	0.550	1.12558	1.15684	0.27605	0.15900	0.05348	0.03927
0.275	114.000	0.650	1.06688	1.13103	0.24218	0.15900	0.15398	0.22588
0.275	131.600	0.750	0.84012	1.10869	0.21114	0.14891	1.92429	3.35683
0.275	149.100	0.850	0.91169	1.08939	0.25346	0.18434	0.64838	0.89675
0.350	16.740	0.075	1.24607	1.04187	0.22444	0.12801	0.56118	2.77659
0.350	33.490	0.150	0.81870	0.97175	0.10736	0.07570	2.71054	4.22529
0.350	55.810	0.250	0.88749	0.91703	0.16137	0.08498	0.11712	0.08356
0.350	78.140	0.350	0.86092	0.87912	0.18239	0.08719	0.05590	0.04640
0.350	100.500	0.450	0.68503	0.84969	0.14981	0.08143	1.51653	4.44543
0.350	122.800	0.550	0.67030	0.82556	0.12920	0.08542	1.82735	3.43241
0.350	145.100	0.650	0.67792	0.80505	0.14124	0.09393	1.07942	2.12106
0.350	167.400	0.750	0.66536	0.78725	0.15692	0.10210	0.80908	1.45636
0.350	189.800	0.850	0.67679	0.77155	0.17094	0.12564	0.44745	0.65051
0.450	21.530	0.075	0.57329	0.63125	0.10312	0.07473	0.52259	0.49207
0.450	43.050	0.150	0.61696	0.57343	0.06562	0.05902	0.15305	0.53170
0.450	71.760	0.250	0.53169	0.53224	0.07982	0.06031	0.03989	-0.00143
0.450	100.500	0.350	0.41141	0.50527	0.05993	0.05362	3.11510	2.77648
0.450	129.200	0.450	0.55713	0.48502	0.09013	0.07006	0.38581	1.29405
0.450	157.900	0.550	0.51624	0.46866	0.10739	0.07375	0.09236	0.28846
0.450	186.600	0.650	0.35322	0.45488	0.07464	0.06548	2.24697	2.36510
0.450	215.300	0.750	0.30215	0.44295	0.08663	0.07093	2.98014	4.11645
0.450	244.000	0.850	0.34015	0.43241	0.11246	0.09662	0.82430	0.92506
0.550	26.310	0.075	0.46558	0.33203	0.07843	0.06161	2.34339	4.49996
0.550	52.620	0.150	0.34674	0.29249	0.08689	0.03908	0.25885	1.47008
0.550	87.700	0.250	0.20967	0.26639	0.03820	0.03280	2.70125	3.17991
0.550	122.800	0.350	0.21471	0.25002	0.04181	0.03654	0.98626	1.00810
0.550	157.900	0.450	0.19906	0.23801	0.04685	0.03814	0.91079	1.05360
0.550	192.900	0.550	0.24118	0.22849	0.05872	0.04887	0.00945	0.04429
0.550	228.000	0.650	0.16158	0.22053	0.05870	0.04757	1.17515	1.53441
0.550	263.100	0.750	0.21904	0.21369	0.06351	0.06012	0.00024	0.01322
0.650	31.090	0.075	0.20452	0.14553	0.07687	0.03697	0.47661	2.59950
0.650	62.190	0.150	0.12193	0.12337	0.02517	0.01873	0.03902	0.01660
0.650	103.600	0.250	0.15519	0.10983	0.03542	0.02427	1.33181	3.59272
0.650	145.100	0.350	0.09252	0.10167	0.02210	0.02074	0.28652	0.13007
0.650	186.600	0.450	0.07793	0.09584	0.02688	0.02207	0.56288	0.77224
0.650	269.500	0.650	0.15684	0.08754	0.04787	0.03980	1.82982	2.83755
0.750	35.880	0.075	0.09305	0.04889	0.03148	0.01829	1.73542	6.07025
0.750	71.760	0.150	0.03498	0.03925	0.01116	0.00749	0.22409	0.41848
0.750	119.600	0.250	0.03500	0.03388	0.01279	0.00805	0.00008	-0.01624
