ID            : 5943
TypeExp       : DISNEU
TypeTheo      : SIG
TypeCurrent   : CCWM
A1            : 56
A2            : 0
Z1            : 26
Z2            : 0
KinVar        : [X, Q2, Y ]

X	Q2	Y	data	theory	totError	totErrorUncor	chi2Naive	chi2Corr
0.125	4.514	0.550	0.71445	0.68702	0.06651	0.05916	0.15973	0.11974
0.175	4.022	0.350	0.85482	0.91072	0.05874	0.05153	0.93897	1.54779
0.175	5.171	0.450	0.65238	0.72542	0.05782	0.04639	1.62960	2.20677
0.175	6.320	0.550	0.50730	0.56814	0.06086	0.05391	1.01941	1.70475
0.225	5.171	0.350	0.72667	0.78561	0.06521	0.04992	0.84111	1.36210
0.225	6.648	0.450	0.59721	0.60549	0.07355	0.04863	0.01493	0.13390
0.225	8.125	0.550	0.53213	0.45587	0.06793	0.06086	1.23967	1.18123
0.275	6.320	0.350	0.79154	0.65959	0.07935	0.05607	2.72544	3.91561
0.275	8.125	0.450	0.58780	0.49441	0.07982	0.05117	1.34839	3.45459
0.275	9.931	0.550	0.31918	0.35951	0.06650	0.05172	0.37478	0.73404
0.350	8.043	0.350	0.45314	0.48548	0.03442	0.03208	0.91265	1.11258
0.350	10.340	0.450	0.35272	0.35180	0.03693	0.03122	0.00018	0.00585
0.450	10.340	0.350	0.27863	0.29525	0.03076	0.02814	0.30363	0.30376
0.450	13.300	0.450	0.21476	0.20666	0.03635	0.02993	0.04654	0.05694
0.080	4.390	0.650	0.64236	0.67823	0.05357	0.05215	0.46753	0.51896
0.125	4.749	0.450	0.89226	0.85610	0.04875	0.04217	0.51829	0.75963
0.125	5.804	0.550	0.65188	0.70076	0.04421	0.03823	1.26140	1.90796
0.125	6.859	0.650	0.48578	0.57202	0.05349	0.04400	2.63496	3.46293
0.175	5.171	0.350	0.96355	0.91779	0.05442	0.04440	0.67203	0.93420
0.175	6.648	0.450	0.80476	0.73091	0.05213	0.04278	1.95515	2.76002
0.175	8.125	0.550	0.52102	0.57297	0.03977	0.03730	1.74779	2.02991
0.175	9.603	0.650	0.40789	0.44500	0.05295	0.04480	0.50412	0.93803
0.225	4.749	0.250	0.93321	0.99573	0.05791	0.05068	1.20732	1.55506
0.225	6.648	0.350	0.75460	0.78460	0.04566	0.04134	0.45818	0.63000
0.225	8.548	0.450	0.61083	0.60476	0.04691	0.03955	0.01295	-0.04527
0.225	10.450	0.550	0.44042	0.45584	0.03816	0.03710	0.17445	0.20929
0.225	12.350	0.650	0.30116	0.33701	0.04570	0.04184	0.62777	0.61812
0.275	5.804	0.250	0.86944	0.85047	0.05346	0.05105	0.11252	0.14315
0.275	8.125	0.350	0.58249	0.65369	0.04371	0.03797	2.70481	3.38485
0.275	10.450	0.450	0.48338	0.49017	0.04180	0.03845	0.03107	0.02922
0.275	12.770	0.550	0.33680	0.35702	0.03677	0.03539	0.31452	0.39505
0.350	7.387	0.250	0.62825	0.63847	0.03655	0.03242	0.09005	0.21184
0.350	10.340	0.350	0.49629	0.47603	0.02838	0.02687	0.48041	0.36044
0.350	13.300	0.450	0.35672	0.34524	0.02607	0.02552	0.18011	0.13929
0.350	16.250	0.550	0.28654	0.24085	0.03244	0.02717	1.95473	2.43955
0.450	9.497	0.250	0.34882	0.39563	0.02801	0.02575	2.84450	3.29471
0.450	13.300	0.350	0.30767	0.28533	0.02952	0.02339	0.55410	1.07870
0.450	17.100	0.450	0.19784	0.20010	0.02611	0.02176	0.00919	0.00611
0.550	16.250	0.350	0.15478	0.15077	0.02331	0.01788	0.02706	0.10001
0.550	20.890	0.450	0.10883	0.10296	0.02368	0.01892	0.05867	-0.01109
0.080	4.540	0.550	0.89416	0.81723	0.04444	0.04175	2.91420	2.89894
0.080	5.365	0.650	0.68031	0.69737	0.04723	0.03887	0.14316	0.41992
0.125	4.514	0.350	1.11633	1.04882	0.05407	0.04171	1.49788	2.44820
0.125	5.804	0.450	0.88606	0.86769	0.04169	0.03804	0.17248	0.06608
0.125	7.094	0.550	0.76521	0.71062	0.04328	0.03724	1.53835	2.12534
0.125	8.383	0.650	0.56227	0.58081	0.03725	0.03410	0.26596	0.43971
0.175	4.514	0.250	1.16939	1.13693	0.05138	0.04313	0.36575	0.27143
0.175	6.320	0.350	0.94913	0.92208	0.04436	0.04010	0.34142	0.35013
0.175	8.125	0.450	0.75770	0.73421	0.04348	0.03720	0.26979	0.29530
0.175	9.931	0.550	0.57228	0.57590	0.03694	0.03391	0.01353	0.02869
0.175	11.740	0.650	0.41690	0.44785	0.03397	0.03225	0.85696	1.01988
0.225	5.804	0.250	1.02622	0.99426	0.04508	0.04181	0.46507	0.60076
0.225	8.125	0.350	0.77823	0.78278	0.04116	0.03761	0.01774	0.02807
0.225	10.450	0.450	0.59271	0.60339	0.04642	0.03471	0.06023	0.18353
0.225	12.770	0.550	0.48267	0.45512	0.03663	0.03420	0.54222	0.64766
0.225	15.090	0.650	0.34101	0.33694	0.03842	0.03269	0.00907	0.02559
0.275	7.094	0.250	0.84681	0.84388	0.04628	0.03972	0.00173	-0.00251
0.275	9.931	0.350	0.55086	0.64829	0.03546	0.03326	7.65262	8.60091
0.275	12.770	0.450	0.49259	0.48640	0.03661	0.03384	0.02340	-0.01574
0.275	15.610	0.550	0.38456	0.35432	0.03445	0.03302	0.74727	0.71459
0.275	18.440	0.650	0.27202	0.25044	0.03833	0.03299	0.30761	0.38141
0.350	9.028	0.250	0.59641	0.62800	0.02827	0.02465	1.30602	1.57171
0.350	12.640	0.350	0.49269	0.46826	0.02834	0.02394	0.70796	0.88185
0.350	16.250	0.450	0.36063	0.33982	0.02630	0.02231	0.60005	0.75303
0.350	19.860	0.550	0.25510	0.23734	0.02354	0.02153	0.55036	0.68993
0.450	11.610	0.250	0.40168	0.38448	0.02210	0.02130	0.57202	0.55680
0.450	16.250	0.350	0.26782	0.27766	0.01987	0.01895	0.26113	0.27798
0.450	20.890	0.450	0.18112	0.19501	0.01800	0.01766	0.61504	0.63510
0.450	25.540	0.550	0.13056	0.13074	0.02206	0.01909	0.00023	0.00313
0.550	14.190	0.250	0.19413	0.20653	0.01974	0.01489	0.40973	0.56654
0.550	19.860	0.350	0.18592	0.14491	0.01757	0.01720	5.39259	5.60105
0.550	25.540	0.450	0.08557	0.09929	0.02364	0.01423	0.34179	0.63739
0.650	23.470	0.350	0.06505	0.06363	0.01272	0.01082	0.01113	-0.01733
0.650	30.180	0.450	0.06139	0.04257	0.01436	0.01363	1.70580	1.79241
0.045	4.115	0.750	0.75069	0.67180	0.06579	0.05354	1.40563	2.22228
0.080	4.390	0.450	1.04124	0.97670	0.05846	0.04210	1.17253	2.10036
0.080	5.365	0.550	0.94232	0.83416	0.04438	0.04128	5.81696	6.66069
0.080	6.341	0.650	0.78173	0.71266	0.04442	0.03935	2.35241	2.54922
0.080	7.316	0.750	0.66669	0.61547	0.05363	0.04733	0.88444	0.80371
0.125	5.335	0.350	1.10532	1.05970	0.04901	0.03966	0.81732	1.49794
0.125	6.859	0.450	0.94342	0.87643	0.04525	0.03763	2.11904	3.08704
0.125	8.383	0.550	0.75180	0.71803	0.03770	0.03467	0.76045	0.79066
0.125	9.908	0.650	0.60562	0.58740	0.03743	0.03356	0.21855	0.28135
0.125	11.430	0.750	0.50760	0.48599	0.04256	0.04088	0.24373	0.27288
0.175	5.335	0.250	1.11933	1.14127	0.04587	0.04079	0.25728	0.48989
0.175	7.469	0.350	0.96185	0.92475	0.04763	0.03848	0.56971	0.88880
0.175	9.603	0.450	0.73938	0.73622	0.03961	0.03494	0.00332	-0.01731
0.175	11.740	0.550	0.64387	0.57770	0.03533	0.03434	3.42742	3.51434
0.175	13.870	0.650	0.41149	0.44962	0.03089	0.03013	1.56255	1.70457
0.175	16.000	0.750	0.33240	0.35205	0.04518	0.03740	0.19692	0.42338
0.225	4.115	0.150	1.19242	1.23607	0.06888	0.06493	0.42821	0.43196
0.225	6.859	0.250	0.96465	0.99214	0.04431	0.03915	0.41788	0.72077
0.225	9.603	0.350	0.77112	0.78061	0.05279	0.03587	0.03892	0.19345
0.225	12.350	0.450	0.66619	0.60171	0.03785	0.03489	2.83151	2.98926
0.225	15.090	0.550	0.48388	0.45405	0.03437	0.03231	0.72406	0.76848
0.225	17.830	0.650	0.34231	0.33649	0.03480	0.03025	0.02418	-0.02710
0.225	20.580	0.750	0.26221	0.24809	0.04110	0.03723	0.11293	0.07370
0.275	5.030	0.150	1.06827	1.07207	0.09266	0.06289	0.00299	0.02242
0.275	8.383	0.250	0.85522	0.83781	0.04316	0.03800	0.14420	0.12272
0.275	11.740	0.350	0.72236	0.64338	0.03949	0.03645	3.91350	4.40734
0.275	15.090	0.450	0.48638	0.48262	0.03642	0.03154	0.00761	-0.00772
0.275	18.440	0.550	0.43111	0.35191	0.03405	0.03272	5.34144	5.75941
0.275	21.800	0.650	0.27903	0.24905	0.03310	0.03056	0.80213	0.88787
0.350	6.402	0.150	0.86833	0.81950	0.04883	0.04214	0.95858	1.25384
0.350	10.670	0.250	0.59180	0.61913	0.02830	0.02320	0.98062	1.22357
0.350	14.940	0.350	0.47517	0.46168	0.02326	0.02212	0.30860	0.21840
0.350	19.210	0.450	0.35042	0.33519	0.02211	0.02047	0.44841	0.61389
0.350	23.470	0.550	0.23638	0.23439	0.02016	0.01928	0.00720	0.01598
0.350	27.740	0.650	0.12625	0.15615	0.02293	0.01737	1.71723	2.85353
0.450	13.720	0.250	0.34141	0.37548	0.02201	0.01832	2.45385	3.61245
0.450	19.210	0.350	0.30286	0.27141	0.02047	0.01889	2.30721	2.94297
0.450	24.690	0.450	0.18292	0.19092	0.01870	0.01653	0.19322	0.29898
0.450	30.180	0.550	0.12094	0.12814	0.01721	0.01609	0.18159	0.21214
0.550	16.770	0.250	0.20585	0.19949	0.01959	0.01458	0.09735	0.29646
0.550	23.470	0.350	0.15599	0.14039	0.01947	0.01459	0.62625	1.07659
0.550	30.180	0.450	0.09911	0.09636	0.01828	0.01368	0.02064	0.10392
0.650	27.740	0.350	0.06543	0.06090	0.01088	0.00967	0.16712	0.26826
0.650	35.670	0.450	0.03787	0.04086	0.00947	0.00928	0.10329	0.12333
0.045	4.115	0.650	0.90988	0.78159	0.05844	0.04651	4.73814	7.94973
0.045	4.749	0.750	0.71695	0.69308	0.04775	0.04464	0.23245	0.28248
0.080	5.065	0.450	1.06026	0.99265	0.05472	0.04375	1.46993	2.41055
0.080	6.191	0.550	0.85542	0.84811	0.04788	0.04021	0.01726	0.05813
0.080	7.316	0.650	0.77392	0.72522	0.04609	0.03928	1.07478	1.55368
0.080	8.442	0.750	0.63916	0.62715	0.04172	0.03944	0.07269	0.10236
0.125	4.397	0.250	1.28653	1.27251	0.04530	0.04399	0.07606	0.09156
0.125	6.156	0.350	1.15237	1.06823	0.04396	0.04194	3.54582	3.79812
0.125	7.914	0.450	0.87955	0.88324	0.04728	0.03691	0.01006	0.03710
0.125	9.673	0.550	0.74749	0.72378	0.03909	0.03537	0.34070	0.51845
0.125	11.430	0.650	0.60712	0.59250	0.04242	0.03362	0.10744	0.11476
0.125	13.190	0.750	0.45734	0.49071	0.03588	0.03309	0.89315	0.70246
0.175	6.156	0.250	1.08729	1.14415	0.04261	0.04130	1.86229	1.73657
0.175	8.618	0.350	0.92070	0.92639	0.04803	0.03856	0.02002	-0.00713
0.175	11.080	0.450	0.74559	0.73740	0.03800	0.03562	0.03696	0.07989
0.175	13.540	0.550	0.57518	0.57874	0.03590	0.03238	0.01397	0.00848
0.175	16.000	0.650	0.41309	0.45073	0.03441	0.02960	1.22746	1.52008
0.175	18.470	0.750	0.37224	0.35327	0.04128	0.03342	0.20146	0.35684
0.225	4.749	0.150	1.29454	1.23504	0.07293	0.05768	0.63152	0.81842
0.225	7.914	0.250	0.97696	0.98973	0.04676	0.04055	0.08880	-0.00455
0.225	11.080	0.350	0.71465	0.77832	0.03999	0.03479	2.60243	3.23030
0.225	14.250	0.450	0.61363	0.59990	0.03590	0.03366	0.13126	0.10875
0.225	17.410	0.550	0.45104	0.45282	0.03332	0.03086	0.00487	-0.00235
0.225	20.580	0.650	0.39958	0.33582	0.03416	0.03226	3.43239	3.95174
0.225	23.740	0.750	0.22957	0.24795	0.03241	0.03053	0.33092	0.41340
0.275	5.804	0.150	1.10832	1.06618	0.06826	0.05416	0.35764	0.79878
0.275	9.673	0.250	0.81898	0.83223	0.04203	0.03759	0.11471	0.06860
0.275	13.540	0.350	0.65768	0.63892	0.03679	0.03473	0.23895	0.31733
0.275	17.410	0.450	0.48057	0.47930	0.03508	0.03101	0.00039	0.00904
0.275	21.280	0.550	0.37014	0.34966	0.03315	0.02958	0.36538	0.52410
0.275	25.150	0.650	0.30046	0.24772	0.03399	0.03088	2.37503	3.18728
0.350	7.387	0.150	0.84360	0.80969	0.03877	0.03498	0.72038	0.97493
0.350	12.310	0.250	0.64096	0.61145	0.03078	0.02475	0.87243	1.58969
0.350	17.240	0.350	0.42290	0.45597	0.02393	0.02055	1.96834	2.33479
0.350	22.160	0.450	0.32979	0.33124	0.02781	0.02000	0.00437	0.00829
0.350	27.080	0.550	0.24409	0.23178	0.02309	0.01915	0.27115	0.35325
0.350	32.010	0.650	0.14207	0.15456	0.01864	0.01733	0.46132	0.38018
0.450	9.497	0.150	0.53774	0.50654	0.03312	0.02796	0.85135	1.49670
0.450	15.830	0.250	0.38125	0.36796	0.02459	0.01955	0.27285	0.69303
0.450	22.160	0.350	0.26982	0.26626	0.02245	0.01770	0.02076	0.09138
0.450	28.490	0.450	0.17401	0.18745	0.01682	0.01598	0.65877	0.68379
0.450	34.820	0.550	0.12905	0.12591	0.01749	0.01600	0.02925	0.09129
0.550	19.350	0.250	0.18282	0.19377	0.01589	0.01351	0.49362	0.36994
0.550	27.080	0.350	0.13216	0.13669	0.01543	0.01297	0.09258	-0.01224
0.550	34.820	0.450	0.11143	0.09394	0.01779	0.01438	0.95171	1.58226
0.550	42.560	0.550	0.02997	0.06135	0.01189	0.00909	6.97744	9.63665
0.650	22.860	0.250	0.08713	0.08559	0.01352	0.00936	0.01143	0.04134
0.650	32.010	0.350	0.05349	0.05872	0.00925	0.00866	0.32695	0.21264
0.650	41.150	0.450	0.04690	0.03949	0.01193	0.00971	0.37992	0.70940
0.750	36.930	0.350	0.01745	0.01930	0.00534	0.00471	0.12291	0.11902
0.045	4.664	0.650	0.89607	0.80102	0.05348	0.05036	3.08810	4.04627
0.045	5.382	0.750	0.87765	0.71153	0.05548	0.05216	8.85272	10.59199
0.080	4.465	0.350	1.21845	1.16922	0.05866	0.05174	0.66348	0.94272
0.080	5.741	0.450	0.93171	1.00613	0.05225	0.04517	2.08983	2.72131
0.080	7.016	0.550	0.93732	0.85984	0.05611	0.04592	1.85183	2.64924
0.080	8.292	0.650	0.74058	0.73579	0.05490	0.04163	0.00508	0.02847
0.080	9.568	0.750	0.66619	0.63695	0.04513	0.04196	0.39748	0.44832
0.125	4.983	0.250	1.34760	1.28176	0.06319	0.05000	1.03370	2.10512
0.125	6.976	0.350	1.14236	1.07508	0.04750	0.04597	1.92568	2.21414
0.125	8.970	0.450	0.82008	0.88870	0.04539	0.03898	2.35152	3.44418
0.125	10.960	0.550	0.72296	0.72835	0.04444	0.03736	0.01981	0.01518
0.125	12.960	0.650	0.59671	0.59655	0.03815	0.03533	0.00021	0.00037
0.125	14.950	0.750	0.49018	0.49444	0.04235	0.03553	0.01306	0.02453
0.175	4.186	0.150	1.27151	1.38759	0.07208	0.05472	2.66159	4.88506
0.175	6.976	0.250	1.12534	1.14608	0.04953	0.04628	0.19872	0.21255
0.175	9.767	0.350	0.93291	0.92736	0.05481	0.04205	0.00657	0.07275
0.175	12.560	0.450	0.71996	0.73803	0.04212	0.03741	0.20189	0.21496
0.175	15.350	0.550	0.56407	0.57932	0.03928	0.03470	0.16433	0.27157
0.175	18.140	0.650	0.50790	0.45139	0.03805	0.03524	2.15950	2.47763
0.175	20.930	0.750	0.39137	0.35407	0.03966	0.03533	0.86195	1.15378
0.225	5.382	0.150	1.28153	1.23344	0.05843	0.05646	0.63486	0.87602
0.225	8.970	0.250	1.10131	0.98719	0.04706	0.04643	5.74652	5.90195
0.225	12.560	0.350	0.81277	0.77596	0.05380	0.04062	0.44385	0.63926
0.225	16.150	0.450	0.57258	0.59802	0.03879	0.03472	0.45350	0.56447
0.225	19.730	0.550	0.46505	0.45151	0.03956	0.03278	0.10782	0.25574
0.225	23.320	0.650	0.32599	0.33509	0.03626	0.03074	0.06855	0.03025
0.225	26.910	0.750	0.29045	0.24762	0.03954	0.03529	1.15420	1.41861
0.275	6.578	0.150	1.03223	1.06058	0.05304	0.05119	0.31101	0.28962
0.275	10.960	0.250	0.82178	0.82711	0.04271	0.04076	0.02182	0.01589
0.275	15.350	0.350	0.62995	0.63479	0.03743	0.03637	0.02232	0.01799
0.275	19.730	0.450	0.48958	0.47623	0.03799	0.03372	0.11298	0.14741
0.275	24.120	0.550	0.40388	0.34760	0.04188	0.03327	1.77559	2.87970
0.275	28.500	0.650	0.31397	0.24640	0.04158	0.03390	2.61117	3.52077
0.275	32.890	0.750	0.18892	0.17110	0.03501	0.03287	0.25269	0.37249
0.350	8.372	0.150	0.79895	0.80099	0.03834	0.03277	0.00609	-0.00635
0.350	13.950	0.250	0.62374	0.60468	0.02741	0.02610	0.44658	0.58869
0.350	19.530	0.350	0.42010	0.45096	0.02878	0.02183	1.18774	1.84274
0.350	25.110	0.450	0.29595	0.32776	0.02300	0.01945	1.95482	2.10823
0.350	30.700	0.550	0.20144	0.22942	0.02330	0.01807	1.46642	2.37168
0.350	36.280	0.650	0.12225	0.15311	0.01896	0.01639	2.67543	3.08599
0.450	10.760	0.150	0.47446	0.49731	0.02818	0.02504	0.68996	0.59011
0.450	17.940	0.250	0.36083	0.36152	0.02576	0.02018	0.00189	-0.01330
0.450	25.110	0.350	0.24980	0.26187	0.02149	0.01772	0.33152	0.27713
0.450	32.290	0.450	0.18953	0.18444	0.02045	0.01717	0.05652	0.16934
0.450	39.470	0.550	0.14647	0.12396	0.02058	0.01756	1.17789	1.99396
0.450	46.640	0.650	0.06722	0.07780	0.03843	0.01561	0.07690	0.80671
0.550	21.930	0.250	0.19173	0.18905	0.01692	0.01488	0.02091	0.05997
0.550	30.700	0.350	0.14527	0.13356	0.01605	0.01441	0.51735	0.80627
0.550	39.470	0.450	0.09712	0.09188	0.01670	0.01380	0.09414	0.16700
0.550	48.240	0.550	0.05729	0.06006	0.01458	0.01297	0.03791	0.09679
0.650	25.910	0.250	0.08048	0.08274	0.00993	0.00929	0.05653	0.04624
0.650	36.280	0.350	0.05526	0.05691	0.01004	0.00896	0.02948	-0.04339
0.650	46.640	0.450	0.04079	0.03834	0.01294	0.00947	0.03438	0.15523
0.750	41.860	0.350	0.02217	0.01849	0.00651	0.00544	0.31339	0.72416
0.045	4.411	0.550	1.17640	0.92658	0.07499	0.06700	10.97471	13.52000
0.045	5.213	0.650	0.87765	0.81816	0.06475	0.05782	0.81458	1.21801
0.045	6.015	0.750	0.79485	0.72780	0.06818	0.05489	0.93986	1.65899
0.045	6.817	0.850	0.56117	0.65853	0.08533	0.07727	1.31965	1.36624
0.080	4.990	0.350	1.19943	1.18292	0.06156	0.06010	0.06001	0.06819
0.080	6.416	0.450	1.05225	1.01768	0.05962	0.05640	0.31226	0.41820
0.080	7.842	0.550	1.05826	0.86991	0.06546	0.05660	8.16725	10.67775
0.080	9.267	0.650	0.80826	0.74480	0.05384	0.05038	1.34757	1.57245
0.080	10.690	0.750	0.67751	0.64500	0.06524	0.04731	0.23607	0.39978
0.080	12.120	0.850	0.50450	0.57291	0.07320	0.06950	0.88883	1.03641
0.125	5.569	0.250	1.26851	1.28946	0.06109	0.05655	0.13515	0.16078
0.125	7.797	0.350	1.02522	1.08072	0.05459	0.05022	1.07952	1.26632
0.125	10.020	0.450	0.88575	0.89311	0.04975	0.04675	0.02858	0.02122
0.125	12.250	0.550	0.73718	0.73206	0.04736	0.04308	0.00802	0.02425
0.125	14.480	0.650	0.66409	0.59980	0.04936	0.04244	1.65533	1.99113
0.125	16.710	0.750	0.55836	0.49744	0.04326	0.04237	1.93999	2.32668
0.125	18.940	0.850	0.41289	0.42559	0.06735	0.06308	0.03834	0.03454
0.175	4.678	0.150	1.31457	1.39104	0.06252	0.06056	1.55800	1.46331
0.175	7.797	0.250	1.09731	1.14733	0.05435	0.05323	0.89223	0.77533
0.175	10.920	0.350	0.87574	0.92785	0.05694	0.04717	0.87109	1.14580
0.175	14.030	0.450	0.74589	0.73827	0.05190	0.04416	0.01680	0.03194
0.175	17.150	0.550	0.51852	0.57957	0.03994	0.03738	2.38352	2.27735
0.175	20.270	0.650	0.50891	0.45173	0.04292	0.03997	1.73741	2.09644
0.175	23.390	0.750	0.36894	0.35461	0.04631	0.03791	0.08990	0.14425
0.225	6.015	0.150	1.18641	1.23154	0.06671	0.05878	0.48682	0.67613
0.225	10.020	0.250	0.94472	0.98464	0.07133	0.04973	0.33100	0.21985
0.225	14.030	0.350	0.78814	0.77363	0.05647	0.04544	0.05773	0.19344
0.225	18.040	0.450	0.58670	0.59616	0.04507	0.03981	0.05085	0.01994
0.225	22.050	0.550	0.43462	0.45022	0.04075	0.03615	0.15650	0.12324
0.225	26.060	0.650	0.30887	0.33428	0.03928	0.03343	0.43067	0.68032
0.225	30.070	0.750	0.18842	0.24718	0.03323	0.03052	3.15086	3.43952
0.275	7.352	0.150	1.05125	1.05529	0.06550	0.05563	0.00651	-0.00684
0.275	12.250	0.250	0.82268	0.82235	0.05115	0.04743	0.00016	0.00158
0.275	17.150	0.350	0.64547	0.63100	0.04830	0.04238	0.08048	0.10420
0.275	22.050	0.450	0.53914	0.47345	0.04516	0.03979	2.07508	2.71038
0.275	26.960	0.550	0.33580	0.34564	0.03725	0.03286	0.07561	0.11980
0.275	31.860	0.650	0.23979	0.24513	0.03671	0.03224	0.02349	0.02444
0.275	36.760	0.750	0.16119	0.17035	0.03586	0.03143	0.06799	-0.00569
0.350	9.357	0.150	0.85462	0.79319	0.03838	0.03674	2.47745	2.84195
0.350	15.590	0.250	0.61133	0.59864	0.03436	0.02976	0.12109	0.17874
0.350	21.830	0.350	0.44263	0.44654	0.02634	0.02560	0.02845	0.00532
0.350	28.070	0.450	0.35382	0.32460	0.02706	0.02415	1.13252	1.41779
0.350	34.310	0.550	0.23017	0.22728	0.02379	0.02123	0.01210	0.03056
0.350	40.550	0.650	0.13166	0.15177	0.02002	0.01906	1.02512	0.91868
0.450	12.030	0.150	0.53293	0.48923	0.03225	0.02861	1.78427	2.80959
0.450	20.050	0.250	0.35853	0.35591	0.02993	0.02257	0.00537	0.05804
0.450	28.070	0.350	0.24900	0.25800	0.02002	0.01988	0.21574	0.18370
0.450	36.090	0.450	0.19513	0.18178	0.02097	0.01957	0.39153	0.58046
0.450	44.110	0.550	0.13646	0.12223	0.02021	0.01905	0.48460	0.51811
0.450	52.130	0.650	0.10262	0.07677	0.02298	0.02050	1.25389	1.76330
0.550	14.700	0.150	0.29986	0.26356	0.02631	0.02064	1.86645	3.74445
0.550	24.510	0.250	0.18402	0.18505	0.01676	0.01619	0.00552	0.01146
0.550	34.310	0.350	0.11113	0.13086	0.02247	0.01356	0.78094	1.33840
0.550	44.110	0.450	0.08448	0.09009	0.01657	0.01371	0.11873	-0.05433
0.550	53.910	0.550	0.07115	0.05893	0.01747	0.01578	0.48279	0.76072
0.650	28.960	0.250	0.07780	0.08035	0.01320	0.01018	0.03996	0.00634
0.650	40.550	0.350	0.06441	0.05538	0.01191	0.01046	0.56463	1.13010
0.650	52.130	0.450	0.04364	0.03736	0.01057	0.01043	0.34718	0.36724
0.045	4.179	0.450	1.27051	1.07501	0.07885	0.06372	6.05251	8.70810
0.045	5.107	0.550	1.14336	0.95070	0.08281	0.06071	5.33663	10.17912
0.045	6.036	0.650	1.02822	0.84050	0.06982	0.05780	7.13526	10.07042
0.045	6.965	0.750	0.88145	0.74897	0.06434	0.05395	4.17225	5.98353
0.045	7.893	0.850	0.73938	0.67908	0.07030	0.06597	0.71443	0.76421
0.080	4.127	0.250	1.39066	1.37615	0.07884	0.05914	0.02656	0.03229
0.080	5.778	0.350	1.18141	1.20032	0.07242	0.05395	0.07871	0.10923
0.080	7.429	0.450	1.04024	1.03232	0.05545	0.05103	0.01452	0.01505
0.080	9.080	0.550	0.97276	0.88260	0.06143	0.04954	2.09850	3.66419
0.080	10.730	0.650	0.86703	0.75588	0.07460	0.04727	2.17930	5.49108
0.080	12.380	0.750	0.70624	0.65549	0.05090	0.04453	0.96145	1.25118
0.080	14.030	0.850	0.53023	0.58285	0.05746	0.05250	0.85876	1.10484
0.125	6.449	0.250	1.40567	1.29869	0.05946	0.05426	3.13674	3.72747
0.125	9.028	0.350	0.95043	1.08747	0.04714	0.04434	8.59060	9.79222
0.125	11.610	0.450	0.97316	0.89841	0.06341	0.04512	1.34721	2.51159
0.125	14.190	0.550	0.75069	0.73643	0.04683	0.03992	0.08154	0.16058
0.125	16.770	0.650	0.76311	0.60362	0.04746	0.04196	11.16378	14.56774
0.125	19.350	0.750	0.50991	0.50096	0.05117	0.03598	0.02658	0.02603
0.125	21.930	0.850	0.49529	0.42900	0.05988	0.05196	1.20379	1.38951
0.175	5.417	0.150	1.34861	1.39470	0.06924	0.05411	0.47458	0.72707
0.175	9.028	0.250	1.15738	1.14835	0.05225	0.04980	0.02141	0.02506
0.175	12.640	0.350	0.95043	0.92798	0.05153	0.04530	0.17125	0.29074
0.175	16.250	0.450	0.63686	0.73816	0.04138	0.03729	6.08266	7.04730
0.175	19.860	0.550	0.48378	0.57951	0.03515	0.03301	7.50598	8.18202
0.175	23.470	0.650	0.44643	0.45194	0.03672	0.03354	0.02706	0.05411
0.175	27.080	0.750	0.38105	0.35501	0.03847	0.03470	0.44240	0.52476
0.175	30.700	0.850	0.33560	0.28836	0.06616	0.04870	0.50121	0.75882
0.225	6.965	0.150	1.15337	1.22839	0.05343	0.05061	2.04402	1.94747
0.225	11.610	0.250	0.92060	0.98079	0.06216	0.04482	0.97218	2.05063
0.225	16.250	0.350	0.74719	0.77019	0.04868	0.04070	0.24076	0.25695
0.225	20.890	0.450	0.56928	0.59343	0.03949	0.03596	0.39554	0.46786
0.225	25.540	0.550	0.50000	0.44828	0.03725	0.03552	1.88342	1.92756
0.225	30.180	0.650	0.33950	0.33297	0.03771	0.03115	0.02641	-0.00626
0.225	34.820	0.750	0.22947	0.24640	0.03145	0.02957	0.29908	0.26788
0.275	8.512	0.150	0.95664	1.04791	0.04775	0.04657	3.74563	3.65568
0.275	14.190	0.250	0.83539	0.81582	0.05293	0.04376	0.12328	0.18083
0.275	19.860	0.350	0.63275	0.62578	0.04296	0.03838	0.02094	0.01620
0.275	25.540	0.450	0.46605	0.46960	0.04297	0.03413	0.00911	0.00945
0.275	31.210	0.550	0.40889	0.34290	0.03465	0.03322	3.57216	3.88112
0.275	36.890	0.650	0.23087	0.24330	0.02811	0.02743	0.20415	0.16860
0.275	42.560	0.750	0.12695	0.16923	0.02642	0.02424	2.57916	2.51553
0.350	10.830	0.150	0.78123	0.78285	0.03408	0.03057	0.00561	-0.00632
0.350	18.060	0.250	0.56407	0.59062	0.02920	0.02598	0.86929	1.08257
0.350	25.280	0.350	0.42831	0.44070	0.02645	0.02284	0.23807	0.15958
0.350	32.500	0.450	0.28664	0.32039	0.02104	0.01929	2.62582	2.61675
0.350	39.720	0.550	0.23148	0.22440	0.02209	0.01907	0.09468	0.08505
0.350	46.950	0.650	0.09675	0.14994	0.01522	0.01383	12.26473	13.44879
0.350	54.170	0.750	0.09177	0.09523	0.01930	0.01759	0.03421	0.02752
0.450	13.930	0.150	0.46485	0.47885	0.02895	0.02307	0.25264	0.11482
0.450	23.220	0.250	0.31808	0.34881	0.02217	0.01940	1.96903	2.18429
0.450	32.500	0.350	0.21466	0.25297	0.01735	0.01661	4.94264	5.28944
0.450	41.790	0.450	0.16109	0.17831	0.01629	0.01540	1.14132	1.16780
0.450	51.070	0.550	0.10282	0.11996	0.01554	0.01418	1.23327	1.51963
0.450	60.360	0.650	0.08293	0.07541	0.01642	0.01538	0.20444	0.27858
0.550	17.020	0.150	0.25731	0.25550	0.01936	0.01647	0.00597	0.04187
0.550	28.370	0.250	0.19623	0.17996	0.01693	0.01518	0.89781	1.06622
0.550	39.720	0.350	0.14197	0.12741	0.01582	0.01384	0.82709	1.17452
0.550	51.070	0.450	0.08846	0.08779	0.01308	0.01210	0.00184	0.01212
0.550	62.420	0.550	0.05851	0.05747	0.01271	0.01186	0.00577	0.00676
0.550	73.770	0.650	0.04523	0.03469	0.01693	0.01276	0.38371	0.83120
0.650	33.530	0.250	0.08226	0.07737	0.01108	0.00916	0.18668	0.46902
0.650	46.950	0.350	0.06089	0.05346	0.01095	0.00874	0.45148	1.08336
0.650	60.360	0.450	0.03555	0.03612	0.00843	0.00767	0.00527	-0.00280
0.650	73.770	0.550	0.02592	0.02318	0.01028	0.00792	0.06947	0.24716
0.750	38.690	0.250	0.03851	0.02538	0.00635	0.00543	4.24426	6.24182
0.750	54.170	0.350	0.01977	0.01700	0.00522	0.00448	0.27796	0.33254
0.045	4.939	0.450	1.28853	1.10495	0.10163	0.08441	3.20837	4.45386
0.045	6.036	0.550	1.15538	0.97781	0.09228	0.08147	3.64555	4.52533
0.045	7.133	0.650	1.10331	0.86552	0.08414	0.07994	7.89987	9.26295
0.045	8.231	0.750	0.83630	0.77262	0.08541	0.07127	0.53869	0.68758
0.045	9.328	0.850	0.71195	0.70198	0.08774	0.07518	0.01080	0.01295
0.080	4.878	0.250	1.59390	1.39952	0.09114	0.08324	4.45998	5.21857
0.080	6.829	0.350	1.15437	1.21919	0.09436	0.07080	0.49208	0.79910
0.080	8.780	0.450	1.01821	1.04812	0.07214	0.06660	0.18616	0.13350
0.080	10.730	0.550	0.93171	0.89596	0.07533	0.06576	0.21149	0.21607
0.080	12.680	0.650	0.88335	0.76802	0.07601	0.06534	2.26022	3.33280
0.080	14.630	0.750	0.71035	0.66662	0.07240	0.06077	0.35080	0.52769
0.080	16.580	0.850	0.73107	0.59343	0.08703	0.07501	2.46969	3.58249
0.125	4.573	0.150	1.56086	1.53116	0.08559	0.07481	0.10585	0.20099
0.125	7.621	0.250	1.27252	1.30816	0.07182	0.06751	0.26773	0.22046
0.125	10.670	0.350	1.04925	1.09424	0.06854	0.06253	0.45511	0.30217
0.125	13.720	0.450	1.04024	0.90359	0.06631	0.06356	4.16987	4.55619
0.125	16.770	0.550	0.76721	0.74067	0.06975	0.05548	0.13504	0.10452
0.125	19.820	0.650	0.60362	0.60745	0.05826	0.05125	0.00609	0.00278
0.125	22.860	0.750	0.42300	0.50440	0.05143	0.04484	2.53558	3.51608
0.125	25.910	0.850	0.28814	0.43232	0.04923	0.04549	8.61799	10.26287
0.175	6.402	0.150	1.37764	1.39769	0.10497	0.07148	0.04270	0.16268
0.175	10.670	0.250	1.03924	1.14866	0.06812	0.06223	2.63851	2.93356
0.175	14.940	0.350	1.00119	0.92743	0.06601	0.06221	1.20870	1.38467
0.175	19.210	0.450	0.74359	0.73744	0.06157	0.05539	0.00729	0.01988
0.175	23.470	0.550	0.61583	0.57902	0.05694	0.05150	0.40142	0.51820
0.175	27.740	0.650	0.36624	0.45170	0.04421	0.04110	3.77524	4.01648
0.175	32.010	0.750	0.37765	0.35504	0.04943	0.04630	0.20103	0.22028
0.175	36.280	0.850	0.19453	0.28860	0.04350	0.04013	4.70030	5.65673
0.225	4.115	0.075	1.50079	1.43537	0.16582	0.15779	0.14726	0.19188
0.225	8.231	0.150	1.25349	1.22395	0.08065	0.07008	0.12096	0.23504
0.225	13.720	0.250	0.87154	0.97585	0.07618	0.05814	1.91254	2.89282
0.225	19.210	0.350	0.76862	0.76581	0.05791	0.05599	0.00107	0.00614
0.225	24.690	0.450	0.53554	0.59003	0.05064	0.04743	1.18495	1.23268
0.225	30.180	0.550	0.31087	0.44571	0.03935	0.03741	11.80908	12.60352
0.225	35.670	0.650	0.30356	0.33117	0.04949	0.03983	0.31945	0.25613
0.225	41.150	0.750	0.25510	0.24523	0.04335	0.04099	0.04875	0.03165
0.225	46.640	0.850	0.18051	0.18698	0.05111	0.04726	0.01709	0.02188
0.275	5.030	0.075	0.99438	1.25277	0.13596	0.13015	3.64510	3.68241
0.275	10.060	0.150	0.90968	1.03903	0.07246	0.05925	3.24000	4.16997
0.275	16.770	0.250	0.76751	0.80807	0.06274	0.05560	0.43690	0.35770
0.275	23.470	0.350	0.63015	0.61972	0.06078	0.05201	0.02537	0.04654
0.275	30.180	0.450	0.49269	0.46499	0.05534	0.04756	0.24004	0.47275
0.275	36.890	0.550	0.28924	0.33956	0.03976	0.03793	1.62344	1.75285
0.275	43.590	0.650	0.21606	0.24102	0.04227	0.03554	0.35604	0.54728
0.275	50.300	0.750	0.12685	0.16778	0.03140	0.03025	1.71156	1.78190
0.350	6.402	0.075	0.80686	0.96405	0.09484	0.08603	2.78033	3.12680
0.350	12.800	0.150	0.72196	0.77098	0.04744	0.03853	1.10524	1.19415
0.350	21.340	0.250	0.52933	0.58156	0.03868	0.03372	1.86767	1.88447
0.350	29.880	0.350	0.36554	0.43398	0.03296	0.02845	4.36627	4.51411
0.350	38.410	0.450	0.27543	0.31550	0.03061	0.02619	1.74260	2.00586
0.350	46.950	0.550	0.20615	0.22103	0.02992	0.02407	0.25558	0.46121
0.350	55.480	0.650	0.11704	0.14776	0.02300	0.01950	1.80006	1.96152
0.350	64.020	0.750	0.08490	0.09395	0.02053	0.01975	0.19865	0.19912
0.450	16.460	0.150	0.44373	0.46738	0.03876	0.02927	0.38912	0.43634
0.450	27.440	0.250	0.31207	0.34090	0.03046	0.02590	0.91921	0.94700
0.450	38.410	0.350	0.21556	0.24732	0.02403	0.02241	1.77597	1.88866
0.450	49.390	0.450	0.16790	0.17438	0.02245	0.02104	0.08852	0.07699
0.450	60.360	0.550	0.10132	0.11737	0.01901	0.01789	0.72350	0.76891
0.450	71.330	0.650	0.07569	0.07383	0.01981	0.01763	0.00796	0.02235
0.550	20.120	0.150	0.23418	0.24682	0.02417	0.02114	0.28561	0.31104
0.550	33.530	0.250	0.12345	0.17440	0.02215	0.01577	5.32125	8.20886
0.550	46.950	0.350	0.12555	0.12361	0.02350	0.01787	0.00580	0.01238
0.550	60.360	0.450	0.07338	0.08524	0.01948	0.01430	0.37620	0.32829
0.550	73.770	0.550	0.06285	0.05584	0.01679	0.01548	0.17071	0.21843
0.650	23.780	0.150	0.11313	0.10899	0.01779	0.01374	0.05070	0.23061
0.650	39.630	0.250	0.05918	0.07419	0.01326	0.01074	1.29311	1.79681
0.650	55.480	0.350	0.06682	0.05139	0.01407	0.01201	1.18925	1.88991
0.750	45.730	0.250	0.02628	0.02397	0.00636	0.00595	0.12839	0.15706
0.045	4.432	0.350	1.53383	1.26779	0.11190	0.09636	5.57457	7.54860
0.045	5.698	0.450	1.33659	1.13017	0.11568	0.09053	3.13502	5.69600
0.045	6.965	0.550	1.22946	1.00060	0.10841	0.08774	4.39999	6.64947
0.045	8.231	0.650	1.13035	0.88652	0.09253	0.08579	6.86750	8.61427
0.045	9.497	0.750	0.81127	0.79239	0.08338	0.07428	0.04612	0.08700
0.045	10.760	0.850	0.70634	0.72105	0.08609	0.07357	0.03261	0.03437
0.080	5.628	0.250	1.49878	1.41857	0.08907	0.08261	0.77541	1.03871
0.080	7.879	0.350	1.20644	1.23451	0.07592	0.07524	0.15106	0.12710
0.080	10.130	0.450	0.99088	1.06060	0.08335	0.06941	0.72354	0.68626
0.080	12.380	0.550	0.93551	0.90692	0.07723	0.06923	0.12662	0.22511
0.080	14.630	0.650	0.89547	0.77770	0.07745	0.06992	2.27023	2.52654
0.080	16.880	0.750	0.78423	0.67552	0.07109	0.06807	2.29843	2.64717
0.080	19.140	0.850	0.51471	0.60188	0.07041	0.06046	1.55450	1.60834
0.125	5.276	0.150	1.55385	1.54258	0.12490	0.07692	0.00569	0.06605
0.125	8.794	0.250	1.29254	1.31537	0.07859	0.07142	0.09613	0.14426
0.125	12.310	0.350	1.11533	1.09925	0.07590	0.06718	0.03774	0.07176
0.125	15.830	0.450	0.90318	0.90735	0.07152	0.06133	0.00538	0.00376
0.125	19.350	0.550	0.70484	0.74368	0.05971	0.05573	0.44174	0.36151
0.125	22.860	0.650	0.62685	0.60996	0.06764	0.05512	0.05693	0.14309
0.125	26.380	0.750	0.47887	0.50686	0.05623	0.05147	0.25798	0.25730
0.125	29.900	0.850	0.37665	0.43467	0.05574	0.05024	1.10063	0.90327
0.175	7.387	0.150	1.37564	1.39931	0.08384	0.07459	0.09114	0.03828
0.175	12.310	0.250	1.10331	1.14824	0.07551	0.06726	0.37497	0.45606
0.175	17.240	0.350	1.00420	0.92638	0.07051	0.06625	1.18090	1.69700
0.175	22.160	0.450	0.69202	0.73640	0.05971	0.05636	0.57307	0.67384
0.175	27.080	0.550	0.56007	0.57818	0.05896	0.05172	0.10145	0.07945
0.175	32.010	0.650	0.52633	0.45112	0.06124	0.05313	1.48344	2.23678
0.175	36.930	0.750	0.29805	0.35471	0.05024	0.04239	1.28775	1.69714
0.175	41.860	0.850	0.21996	0.28849	0.05492	0.04208	1.56879	1.94062
0.225	4.749	0.075	1.53383	1.43368	0.14843	0.13696	0.43873	0.72379
0.225	9.497	0.150	1.22646	1.21950	0.07835	0.07157	0.00492	0.04485
0.225	15.830	0.250	0.86693	0.97115	0.08353	0.06102	1.58784	2.66317
0.225	22.160	0.350	0.70674	0.76178	0.06128	0.05688	0.83150	0.87794
0.225	28.490	0.450	0.51131	0.58678	0.05694	0.04938	1.78524	2.21878
0.225	34.820	0.550	0.45384	0.44323	0.05734	0.04835	0.03086	0.05056
0.225	41.150	0.650	0.32969	0.32938	0.04911	0.04485	0.00000	0.00268
0.225	47.490	0.750	0.29795	0.24400	0.05125	0.04744	1.09375	1.38680
0.225	53.820	0.850	0.17210	0.18616	0.04478	0.04363	0.10146	0.11922
0.275	5.804	0.075	1.07528	1.24543	0.12652	0.11684	1.83600	2.03585
0.275	11.610	0.150	1.01721	1.03099	0.08071	0.06672	0.03449	-0.05842
0.275	19.350	0.250	0.68472	0.80118	0.06150	0.05541	3.63638	3.84681
0.275	27.080	0.350	0.60041	0.61431	0.05720	0.05339	0.06522	0.07681
0.275	34.820	0.450	0.47697	0.46083	0.05790	0.04979	0.07230	0.21804
0.275	42.560	0.550	0.41529	0.33652	0.05194	0.04814	2.27182	2.72087
0.275	50.300	0.650	0.20064	0.23892	0.03756	0.03492	1.05135	0.90793
0.275	58.040	0.750	0.20264	0.16640	0.04631	0.04050	0.60427	0.83328
0.350	7.387	0.075	1.01921	0.95213	0.09570	0.08498	0.47382	0.62676
0.350	14.770	0.150	0.72106	0.76078	0.04910	0.04125	0.68287	0.51041
0.350	24.620	0.250	0.52573	0.57388	0.04242	0.03555	1.32225	1.44742
0.350	34.470	0.350	0.38826	0.42816	0.04599	0.03135	0.77035	0.87792
0.350	44.320	0.450	0.24239	0.31125	0.02946	0.02603	5.50893	6.84028
0.350	54.170	0.550	0.21175	0.21807	0.02885	0.02636	0.05181	0.06915
0.350	64.020	0.650	0.10793	0.14583	0.02296	0.01996	2.74292	2.99490
0.350	73.870	0.750	0.05003	0.09279	0.01575	0.01522	7.39211	7.88166
0.450	9.497	0.075	0.58900	0.59888	0.07227	0.06483	0.02143	-0.01621
0.450	18.990	0.150	0.40508	0.45783	0.03157	0.03066	2.84199	2.69263
0.450	31.660	0.250	0.28824	0.33426	0.03017	0.02670	2.36003	2.20168
0.450	44.320	0.350	0.19123	0.24255	0.03506	0.02324	2.16173	3.62117
0.450	56.980	0.450	0.13997	0.17105	0.02259	0.02072	1.91310	1.86784
0.450	69.650	0.550	0.08877	0.11515	0.01962	0.01764	1.82209	2.09980
0.450	82.310	0.650	0.06331	0.07247	0.01748	0.01656	0.27952	0.27662
0.550	23.220	0.150	0.27873	0.23992	0.02731	0.02520	1.98615	2.71110
0.550	38.690	0.250	0.19433	0.16981	0.02448	0.02234	0.98463	1.36361
0.550	54.170	0.350	0.08041	0.12046	0.01621	0.01510	6.13710	6.81214
0.550	69.650	0.450	0.08703	0.08310	0.02010	0.01702	0.03627	0.06439
0.650	27.440	0.150	0.12655	0.10484	0.01646	0.01589	1.71602	1.97211
0.650	45.730	0.250	0.06269	0.07163	0.01313	0.01179	0.47137	0.58803
0.650	64.020	0.350	0.03412	0.04971	0.01130	0.00955	1.91397	2.78398
0.750	52.760	0.250	0.02808	0.02287	0.00973	0.00711	0.28296	0.71239
0.015	4.080	0.850	0.79935	0.71019	0.07638	0.06829	1.33382	1.60898
0.045	5.023	0.350	1.39466	1.29235	0.10412	0.08541	0.93433	1.59772
0.045	6.458	0.450	1.12834	1.15190	0.09765	0.07757	0.06503	0.02416
0.045	7.893	0.550	1.14837	1.02014	0.08777	0.08011	2.08889	2.52195
0.045	9.328	0.650	1.10932	0.90447	0.08779	0.08148	5.37518	6.15271
0.045	10.760	0.750	0.97266	0.80923	0.08520	0.07753	3.62790	4.46463
0.045	12.200	0.850	0.90047	0.73735	0.08743	0.07821	3.43486	4.93586
0.080	6.378	0.250	1.53082	1.43450	0.08231	0.08129	1.31817	1.50248
0.080	8.930	0.350	1.34160	1.24727	0.09303	0.07665	0.99362	1.39806
0.080	11.480	0.450	1.10532	1.07114	0.07286	0.07003	0.20343	0.27814
0.080	14.030	0.550	0.98237	0.91592	0.07354	0.06735	0.78784	1.24854
0.080	16.580	0.650	0.87815	0.78565	0.06822	0.06557	1.79736	2.01439
0.080	19.140	0.750	0.71956	0.68280	0.06657	0.06155	0.29093	0.52414
0.080	21.690	0.850	0.55887	0.60876	0.05970	0.05848	0.71711	0.60707
0.125	5.980	0.150	1.42169	1.55172	0.07894	0.07098	2.78430	2.80861
0.125	9.966	0.250	1.39967	1.32097	0.09498	0.07119	0.65774	1.39195
0.125	13.950	0.350	1.20944	1.10306	0.07045	0.06732	2.21877	2.90276
0.125	17.940	0.450	0.94893	0.91012	0.06708	0.05994	0.31554	0.40641
0.125	21.930	0.550	0.72566	0.74591	0.05634	0.05385	0.14039	0.14456
0.125	25.910	0.650	0.68752	0.61188	0.05551	0.05402	1.81681	1.96623
0.125	29.900	0.750	0.50300	0.50862	0.05597	0.04927	0.01234	-0.02041
0.125	33.890	0.850	0.48868	0.43637	0.05545	0.05447	0.87032	0.93915
0.175	4.186	0.075	1.40968	1.59722	0.11812	0.11173	2.56626	2.85636
0.175	8.372	0.150	1.49778	1.40005	0.08749	0.07547	1.20280	1.63529
0.175	13.950	0.250	1.07929	1.14733	0.06864	0.06361	1.02017	1.04243
0.175	19.530	0.350	0.90388	0.92505	0.06540	0.05906	0.11576	0.14332
0.175	25.110	0.450	0.81237	0.73517	0.05931	0.05711	1.65238	1.95171
0.175	30.700	0.550	0.61984	0.57712	0.06006	0.05187	0.48860	0.66166
0.175	36.280	0.650	0.36473	0.45032	0.04809	0.04053	3.19887	4.34571
0.175	41.860	0.750	0.27182	0.35417	0.04891	0.03720	2.85734	3.88219
0.175	47.440	0.850	0.20424	0.28816	0.04004	0.03772	4.41915	4.41077
0.225	5.382	0.075	1.28954	1.43140	0.11490	0.10983	1.55767	1.62231
0.225	10.760	0.150	1.17440	1.21518	0.07202	0.06793	0.34292	0.26709
0.225	17.940	0.250	0.91939	0.96672	0.06695	0.05986	0.52300	0.50891
0.225	25.110	0.350	0.73858	0.75801	0.05969	0.05457	0.11574	0.06539
0.225	32.290	0.450	0.54955	0.58372	0.05118	0.04816	0.46277	0.51621
0.225	39.470	0.550	0.42380	0.44084	0.05117	0.04355	0.11750	0.04732
0.225	46.640	0.650	0.28594	0.32763	0.04053	0.03819	1.07551	1.17040
0.225	53.820	0.750	0.27983	0.24277	0.05345	0.04205	0.47206	0.69896
0.225	60.990	0.850	0.12965	0.18530	0.03696	0.03384	2.27918	2.99314
0.275	6.578	0.075	1.27252	1.23849	0.12271	0.11163	0.07017	0.12937
0.275	13.160	0.150	1.17540	1.02372	0.11430	0.07033	1.72862	4.87800
0.275	21.930	0.250	0.64627	0.79506	0.05825	0.05136	6.59305	7.23683
0.275	30.700	0.350	0.59401	0.60940	0.05660	0.05033	0.08088	0.00804
0.275	39.470	0.450	0.42340	0.45704	0.04809	0.04437	0.50412	0.63209
0.275	48.240	0.550	0.34331	0.33373	0.05317	0.04073	0.02976	0.15995
0.275	57.010	0.650	0.23037	0.23696	0.04161	0.03494	0.02718	0.06382
0.275	65.780	0.750	0.15649	0.16510	0.03673	0.03312	0.05734	0.01335
0.275	74.550	0.850	0.13256	0.11696	0.04253	0.03896	0.13185	0.23868
0.350	8.372	0.075	1.09530	0.94157	0.10443	0.07637	2.13043	4.91692
0.350	16.740	0.150	0.77873	0.75185	0.04432	0.04120	0.34280	0.64167
0.350	27.910	0.250	0.57098	0.56711	0.04425	0.03576	0.00518	0.01421
0.350	39.070	0.350	0.42250	0.42303	0.03207	0.03140	0.00103	0.00078
0.350	50.230	0.450	0.30216	0.30748	0.03026	0.02770	0.03526	-0.01008
0.350	61.390	0.550	0.23017	0.21543	0.03100	0.02469	0.21804	0.53884
0.350	72.550	0.650	0.12164	0.14409	0.02250	0.01905	1.00836	1.17887
0.350	83.720	0.750	0.08965	0.09173	0.02188	0.01823	0.01000	0.01899
0.450	10.760	0.075	0.56848	0.58774	0.06398	0.05449	0.09715	0.10235
0.450	21.530	0.150	0.43462	0.44973	0.03185	0.03072	0.24094	0.21128
0.450	35.880	0.250	0.32999	0.32853	0.03033	0.02743	0.00124	0.02032
0.450	50.230	0.350	0.24279	0.23842	0.03561	0.02426	0.01314	0.15848
0.450	64.580	0.450	0.15829	0.16814	0.02190	0.02064	0.21027	0.25762
0.450	78.930	0.550	0.10082	0.11320	0.01970	0.01706	0.40310	0.39446
0.450	93.280	0.650	0.04643	0.07127	0.01438	0.01354	2.99925	3.48212
0.550	26.310	0.150	0.23778	0.23415	0.02883	0.02243	0.01354	0.08295
0.550	43.850	0.250	0.11874	0.16593	0.01845	0.01670	6.58427	7.53967
0.550	61.390	0.350	0.09404	0.11778	0.02197	0.01567	1.17810	1.79527
0.550	78.930	0.450	0.05946	0.08127	0.01439	0.01313	2.31178	2.51584
0.550	96.470	0.550	0.05794	0.05328	0.01677	0.01472	0.07479	0.14327
0.650	31.090	0.150	0.09896	0.10144	0.01534	0.01345	0.02880	-0.00714
0.650	51.820	0.250	0.07407	0.06951	0.01309	0.01236	0.11665	0.13099
0.650	72.550	0.350	0.06689	0.04829	0.01466	0.01336	1.59479	1.98170
0.650	93.280	0.450	0.04129	0.03273	0.01195	0.01121	0.50694	0.50512
0.750	35.880	0.150	0.03850	0.03356	0.01620	0.00713	0.09132	1.02332
0.750	59.800	0.250	0.02851	0.02198	0.00813	0.00682	0.64062	1.12796
0.750	83.720	0.350	0.02222	0.01488	0.00892	0.00681	0.67214	1.27218
0.015	4.023	0.750	0.96365	0.80607	0.08093	0.07302	3.73614	4.64039
0.015	4.560	0.850	0.72516	0.73595	0.06700	0.06265	0.03022	0.02072
0.015	5.016	0.935	0.66049	0.68840	0.35597	0.13937	0.00650	0.18418
0.045	4.010	0.250	1.46074	1.45189	0.09198	0.09055	0.00597	0.02139
0.045	5.614	0.350	1.44772	1.31388	0.10472	0.08951	1.59170	2.49257
0.045	7.218	0.450	1.22946	1.17089	0.08771	0.08233	0.42397	0.54997
0.045	8.822	0.550	1.17039	1.03719	0.08835	0.08070	2.22609	2.76684
0.045	10.430	0.650	1.01521	0.92057	0.10676	0.07522	0.76574	2.03475
0.045	12.030	0.750	0.80876	0.82390	0.07853	0.06859	0.04203	0.03497
0.045	13.630	0.850	0.88235	0.75136	0.08225	0.07624	2.49615	2.85480
0.080	4.277	0.150	1.57888	1.62605	0.09487	0.08486	0.26732	0.27414
0.080	7.129	0.250	1.46575	1.44812	0.09900	0.08075	0.02574	0.03636
0.080	9.980	0.350	1.19242	1.25778	0.07599	0.07169	0.77229	0.79459
0.080	12.830	0.450	1.14737	1.08005	0.08262	0.07166	0.63723	0.86799
0.080	15.680	0.550	1.06627	0.92345	0.07626	0.06946	3.44518	4.39212
0.080	18.530	0.650	0.75190	0.79228	0.06672	0.05910	0.38287	0.57970
0.080	21.390	0.750	0.64046	0.68885	0.06651	0.05637	0.54602	0.55379
0.080	24.240	0.850	0.58520	0.61448	0.06970	0.05762	0.18506	0.10478
0.125	6.683	0.150	1.55986	1.55918	0.09093	0.07718	0.00017	-0.00039
0.125	11.140	0.250	1.37063	1.32544	0.07516	0.07159	0.33596	0.52806
0.125	15.590	0.350	1.07728	1.10598	0.07041	0.06282	0.18133	0.21183
0.125	20.050	0.450	0.87334	0.91218	0.06078	0.05674	0.43062	0.46361
0.125	24.510	0.550	0.60242	0.74755	0.05460	0.04757	7.13551	8.92589
0.125	28.960	0.650	0.53644	0.61327	0.04667	0.04607	2.75536	2.67715
0.125	33.420	0.750	0.48538	0.50988	0.05549	0.04618	0.20431	0.27049
0.125	37.870	0.850	0.42761	0.43759	0.04952	0.04792	0.04489	0.02361
0.175	4.678	0.075	1.44472	1.60079	0.12196	0.10913	1.67381	1.69155
0.175	9.357	0.150	1.22446	1.40020	0.07891	0.06907	5.04297	6.34460
0.175	15.590	0.250	1.17440	1.14615	0.07084	0.06744	0.14371	0.14492
0.175	21.830	0.350	0.84871	0.92359	0.06815	0.05705	1.24002	1.70063
0.175	28.070	0.450	0.71245	0.73376	0.05798	0.05254	0.14612	0.13594
0.175	34.310	0.550	0.59291	0.57593	0.05189	0.04878	0.09830	0.15429
0.175	40.550	0.650	0.44123	0.44939	0.04965	0.04351	0.03065	0.02580
0.175	46.780	0.750	0.26632	0.35350	0.03975	0.03680	4.84473	5.66321
0.175	53.020	0.850	0.29445	0.28769	0.05184	0.04467	0.01527	0.10032
0.225	6.015	0.075	1.31256	1.42881	0.11183	0.10623	1.10984	1.22273
0.225	12.030	0.150	1.16839	1.21096	0.07419	0.06850	0.35116	0.25755
0.225	20.050	0.250	0.92390	0.96253	0.06818	0.06083	0.33952	0.33855
0.225	28.070	0.350	0.73628	0.75443	0.06613	0.05405	0.08278	0.16900
0.225	36.090	0.450	0.51011	0.58077	0.05575	0.04557	1.63405	1.72174
0.225	44.110	0.550	0.36083	0.43857	0.04036	0.03884	3.75131	4.01311
0.225	52.130	0.650	0.31558	0.32594	0.04167	0.03798	0.06640	0.02251
0.225	60.150	0.750	0.25370	0.24156	0.04053	0.03694	0.08541	0.14036
0.225	68.170	0.850	0.18082	0.18443	0.04372	0.03830	0.00767	-0.00318
0.275	7.352	0.075	1.30956	1.23198	0.12295	0.10783	0.38235	0.46923
0.275	14.700	0.150	1.03023	1.01713	0.07589	0.06557	0.02448	0.01280
0.275	24.510	0.250	0.72466	0.78953	0.06261	0.05504	1.10217	1.53143
0.275	34.310	0.350	0.61744	0.60492	0.06218	0.04991	0.03591	0.11935
0.275	44.110	0.450	0.42441	0.45357	0.04795	0.04281	0.38293	0.46184
0.275	53.910	0.550	0.35512	0.33115	0.04795	0.03990	0.24122	0.46598
0.275	63.710	0.650	0.22206	0.23513	0.03895	0.03370	0.11720	0.09857
0.275	73.520	0.750	0.14487	0.16386	0.03564	0.03133	0.28886	0.35642
0.350	9.357	0.075	0.93601	0.93213	0.08125	0.06622	0.00116	0.02116
0.350	18.710	0.150	0.76681	0.74392	0.04832	0.04113	0.20688	0.52766
0.350	31.190	0.250	0.54024	0.56109	0.03825	0.03426	0.31567	0.21748
0.350	43.660	0.350	0.40648	0.41844	0.03532	0.03006	0.12408	-0.00084
0.350	56.140	0.450	0.27513	0.30409	0.02743	0.02535	1.14080	1.13106
0.350	68.610	0.550	0.17231	0.21304	0.02101	0.02041	3.79770	4.02575
0.350	81.090	0.650	0.11724	0.14250	0.02270	0.01817	1.25205	1.70719
0.350	93.570	0.750	0.09767	0.09075	0.02146	0.01881	0.10047	0.16599
0.450	12.030	0.075	0.59571	0.57801	0.05473	0.05181	0.09632	0.08945
0.450	24.060	0.150	0.42180	0.44279	0.03384	0.03010	0.40308	0.42774
0.450	40.100	0.250	0.31077	0.32351	0.03157	0.02638	0.17250	0.29012
0.450	56.140	0.350	0.22867	0.23478	0.02750	0.02287	0.05380	0.07164
0.450	72.180	0.450	0.16119	0.16557	0.02247	0.01995	0.04131	-0.03413
0.450	88.220	0.550	0.10683	0.11147	0.02070	0.01739	0.05313	0.11339
0.450	104.300	0.650	0.07840	0.07018	0.01797	0.01630	0.20445	0.18632
0.550	14.700	0.075	0.30747	0.31230	0.03900	0.03511	0.01779	-0.00166
0.550	29.410	0.150	0.18832	0.22918	0.02658	0.01953	2.38848	3.31383
0.550	49.010	0.250	0.16099	0.16258	0.02027	0.01886	0.00769	-0.00453
0.550	68.610	0.350	0.08453	0.11544	0.01457	0.01390	4.52825	4.78741
0.550	88.220	0.450	0.05614	0.07967	0.01326	0.01210	3.16821	3.56283
0.650	34.750	0.150	0.09421	0.09857	0.01513	0.01304	0.08719	0.07954
0.650	57.920	0.250	0.08490	0.06770	0.01508	0.01320	1.28639	1.37697
0.650	81.090	0.350	0.06993	0.04708	0.01577	0.01243	2.08571	3.91809
0.650	104.300	0.450	0.04099	0.03192	0.01261	0.01041	0.51162	0.98155
0.750	40.100	0.150	0.03814	0.03227	0.00782	0.00695	0.55467	0.74611
0.750	66.830	0.250	0.02702	0.02123	0.00746	0.00647	0.59686	1.03619
0.015	4.553	0.750	1.20343	0.83582	0.08754	0.08016	17.49967	21.37923
0.015	5.160	0.850	1.05225	0.76510	0.10199	0.07487	7.85796	14.23715
0.015	5.676	0.935	0.93161	0.71751	0.15562	0.13416	1.87327	2.33002
0.045	4.538	0.250	1.50179	1.47914	0.11580	0.09103	0.03246	0.05870
0.045	6.353	0.350	1.59490	1.33743	0.11317	0.09393	5.09952	6.73013
0.045	8.168	0.450	1.42069	1.19159	0.09342	0.08821	5.92553	6.60002
0.045	9.983	0.550	1.31256	1.05572	0.11831	0.08451	4.65550	9.63039
0.045	11.800	0.650	1.10131	0.93703	0.10821	0.07761	2.26822	3.78287
0.045	13.610	0.750	0.91108	0.83968	0.08221	0.07092	0.73167	1.22534
0.045	15.430	0.850	0.90548	0.76658	0.08874	0.07409	2.41222	3.62967
0.045	16.970	0.935	0.80616	0.72479	0.14784	0.13656	0.29582	0.41466
0.080	4.840	0.150	1.78212	1.64541	0.11431	0.08884	1.38639	2.08895
0.080	8.067	0.250	1.46575	1.46259	0.09119	0.07900	0.00024	-0.00513
0.080	11.290	0.350	1.39166	1.26917	0.08861	0.07725	1.85941	2.51754
0.080	14.520	0.450	1.22746	1.08936	0.09305	0.07209	2.15628	3.61380
0.080	17.750	0.550	1.16339	0.93138	0.07551	0.07180	9.32864	10.53817
0.080	20.970	0.650	0.94432	0.79920	0.07020	0.06437	4.20763	5.12407
0.080	24.200	0.750	0.83810	0.69514	0.07527	0.06267	3.55726	4.74410
0.080	27.430	0.850	0.79244	0.62043	0.07513	0.06433	5.18508	6.67409
0.080	30.170	0.935	0.57689	0.58054	0.12923	0.11053	0.00113	0.00535
0.125	7.563	0.150	1.59690	1.56676	0.09077	0.07608	0.09677	0.09892
0.125	12.600	0.250	1.36663	1.32980	0.07541	0.06935	0.21793	0.28888
0.125	17.650	0.350	1.16939	1.10875	0.06928	0.06429	0.73156	1.03266
0.125	22.690	0.450	0.83479	0.91410	0.07144	0.05372	1.26331	1.88299
0.125	27.730	0.550	0.81998	0.74898	0.05806	0.05456	1.45444	1.67722
0.125	32.770	0.650	0.62114	0.61445	0.05775	0.04771	0.01062	0.02082
0.125	37.810	0.750	0.63676	0.51096	0.05640	0.05080	4.91507	6.83394
0.125	42.850	0.850	0.62304	0.43865	0.07015	0.05441	6.85485	11.80489
0.175	5.294	0.075	1.46675	1.60395	0.13702	0.10252	1.02847	1.03982
0.175	10.590	0.150	1.32858	1.39983	0.08331	0.06949	0.76406	0.63333
0.175	17.650	0.250	1.25249	1.14441	0.08361	0.06786	1.62535	2.76034
0.175	24.700	0.350	0.79745	0.92165	0.05873	0.05276	4.54070	5.58915
0.175	31.760	0.450	0.77572	0.73191	0.05896	0.05298	0.52902	0.93960
0.175	38.820	0.550	0.64437	0.57435	0.06044	0.04905	1.31296	1.65215
0.175	45.880	0.650	0.48067	0.44813	0.05061	0.04385	0.39901	0.49264
0.175	52.940	0.750	0.29265	0.35254	0.04145	0.03588	2.11291	2.95894
0.175	60.000	0.850	0.28424	0.28698	0.04155	0.03976	0.00548	-0.00408
0.225	6.806	0.075	1.49778	1.42537	0.12279	0.10603	0.33088	0.62627
0.225	13.610	0.150	1.12834	1.20594	0.07147	0.06398	1.22018	1.15708
0.225	22.690	0.250	0.90077	0.95771	0.06258	0.05730	0.85934	0.84663
0.225	31.760	0.350	0.71715	0.75026	0.06078	0.05154	0.31207	0.52595
0.225	40.840	0.450	0.51732	0.57732	0.04545	0.04388	1.77899	1.95052
0.225	49.910	0.550	0.44163	0.43587	0.04524	0.04075	0.01339	0.02013
0.225	58.990	0.650	0.32689	0.32390	0.04196	0.03669	0.00383	0.01319
0.225	68.060	0.750	0.25310	0.24007	0.03775	0.03452	0.11366	0.20657
0.225	77.140	0.850	0.22337	0.18334	0.04673	0.03965	0.72386	0.83969
0.275	8.319	0.075	1.08529	1.22439	0.10546	0.09059	1.77199	2.39353
0.275	16.640	0.150	1.06627	1.00955	0.07399	0.06329	0.56167	1.02536
0.275	27.730	0.250	0.71295	0.78322	0.06200	0.05098	1.31594	1.94611
0.275	38.820	0.350	0.51601	0.59981	0.04963	0.04362	2.89292	3.54391
0.275	49.910	0.450	0.41029	0.44959	0.04342	0.04025	0.84016	1.04696
0.275	61.010	0.550	0.25400	0.32818	0.03785	0.03158	3.87081	4.56423
0.275	72.100	0.650	0.22457	0.23301	0.03878	0.03172	0.05039	-0.01153
0.275	83.190	0.750	0.14487	0.16239	0.03139	0.02779	0.31775	0.51601
0.350	10.590	0.075	0.90518	0.92158	0.06745	0.05960	0.06714	-0.00139
0.350	21.180	0.150	0.68221	0.73516	0.03860	0.03660	1.94053	2.22441
0.350	35.290	0.250	0.57829	0.55437	0.04041	0.03357	0.33044	0.53739
0.350	49.410	0.350	0.39397	0.41329	0.02841	0.02769	0.48517	0.42841
0.350	63.530	0.450	0.26391	0.30028	0.03026	0.02293	1.46913	2.90081
0.350	77.640	0.550	0.20434	0.21033	0.02143	0.02114	0.08455	0.07587
0.350	91.760	0.650	0.13656	0.14069	0.01975	0.01814	0.04717	0.04971
0.350	105.900	0.750	0.07218	0.08961	0.01668	0.01495	1.10345	1.54175
0.450	13.610	0.075	0.48207	0.56750	0.04968	0.04184	2.99641	3.47018
0.450	27.230	0.150	0.41509	0.43518	0.02932	0.02780	0.49239	0.36316
0.450	45.380	0.250	0.32409	0.31800	0.03310	0.02485	0.02969	0.11296
0.450	63.530	0.350	0.21075	0.23076	0.02197	0.02040	0.85073	0.72969
0.450	81.680	0.450	0.15559	0.16271	0.02055	0.01833	0.12668	0.07336
0.450	99.830	0.550	0.10292	0.10954	0.01807	0.01577	0.13910	0.19734
0.450	118.000	0.650	0.05866	0.06897	0.01322	0.01298	0.61678	0.67979
0.450	136.100	0.750	0.04140	0.03962	0.03790	0.01269	0.00209	0.12679
0.550	16.640	0.075	0.29315	0.30410	0.03247	0.03076	0.12103	0.10482
0.550	33.280	0.150	0.21285	0.22384	0.02114	0.01876	0.28254	0.22293
0.550	55.460	0.250	0.15058	0.15894	0.01976	0.01606	0.18675	0.15092
0.550	77.640	0.350	0.09392	0.11289	0.01414	0.01337	1.82070	1.76977
0.550	99.830	0.450	0.07351	0.07792	0.01398	0.01300	0.10350	0.04086
0.550	122.000	0.550	0.05148	0.05109	0.01335	0.01139	0.00062	0.00945
0.550	144.200	0.650	0.04315	0.03091	0.01341	0.01175	0.82675	1.03978
0.650	39.330	0.150	0.08933	0.09553	0.01259	0.01119	0.25076	0.08512
0.650	65.540	0.250	0.07528	0.06576	0.01223	0.01084	0.59498	1.01889
0.650	91.760	0.350	0.04521	0.04577	0.01042	0.00899	0.00341	-0.00270
0.650	118.000	0.450	0.02979	0.03105	0.01129	0.00754	0.01316	-0.04942
0.650	144.200	0.550	0.03128	0.01998	0.01007	0.00885	1.25058	1.34848
0.750	45.380	0.150	0.04168	0.03093	0.00793	0.00633	1.82321	3.33624
0.750	75.630	0.250	0.02606	0.02044	0.00677	0.00540	0.68067	1.31800
0.750	105.900	0.350	0.01814	0.01389	0.00553	0.00511	0.58501	0.58937
0.015	4.496	0.650	1.05225	0.95261	0.12674	0.09774	0.60268	0.93118
0.015	5.188	0.750	1.10231	0.86775	0.12086	0.09924	3.72434	5.93459
0.015	5.880	0.850	0.95474	0.79639	0.10330	0.09194	2.31633	2.72688
0.015	6.468	0.935	1.07428	0.74871	0.19264	0.16059	2.83378	3.72830
0.045	5.171	0.250	1.75109	1.50746	0.13577	0.12795	3.16527	3.74890
0.045	7.239	0.350	1.51380	1.36182	0.12623	0.11894	1.41538	1.65162
0.045	9.307	0.450	1.12634	1.21295	0.12827	0.10052	0.47010	0.87527
0.045	11.380	0.550	1.11833	1.07482	0.10383	0.09991	0.16502	0.22590
0.045	13.440	0.650	0.99408	0.95431	0.10587	0.09458	0.13288	0.11417
0.045	15.510	0.750	0.82278	0.85587	0.11832	0.08583	0.08291	0.10081
0.045	17.580	0.850	0.82749	0.78204	0.09597	0.08815	0.21460	0.20686
0.045	19.340	0.935	0.96114	0.74003	0.17348	0.16610	1.60785	1.91654
0.080	5.515	0.150	1.61492	1.66499	0.11915	0.11013	0.19041	0.22383
0.080	9.192	0.250	1.32358	1.47714	0.12212	0.09781	1.61384	2.75119
0.080	12.870	0.350	1.29254	1.28061	0.11477	0.09558	0.00820	0.01940
0.080	16.550	0.450	0.98818	1.09861	0.09669	0.08367	1.33248	1.34471
0.080	20.220	0.550	0.88345	0.93909	0.09522	0.07884	0.35443	0.64833
0.080	23.900	0.650	0.66519	0.80600	0.08934	0.06830	2.51204	4.79772
0.080	27.580	0.750	0.79625	0.70186	0.09121	0.07806	1.04967	1.20283
0.080	31.250	0.850	0.67230	0.62614	0.08394	0.07354	0.29207	0.34831
0.080	34.380	0.935	0.49048	0.58613	0.12470	0.11123	0.59559	0.96064
0.125	4.309	0.075	1.70403	1.73696	0.19330	0.14357	0.03272	0.02453
0.125	8.618	0.150	1.46474	1.57397	0.10434	0.09494	1.13127	1.34113
0.125	14.360	0.250	1.26050	1.33377	0.10643	0.08720	0.49353	0.85259
0.125	20.110	0.350	0.97957	1.11109	0.10107	0.07649	1.72345	3.05790
0.125	25.850	0.450	0.84871	0.91563	0.07953	0.07103	0.72952	0.90589
0.125	31.600	0.550	0.78804	0.75004	0.08183	0.06731	0.20510	0.19076
0.125	37.340	0.650	0.62905	0.61529	0.06574	0.06243	0.03913	0.05910
0.125	43.090	0.750	0.49980	0.51173	0.05956	0.05617	0.04425	0.02833
0.125	48.830	0.850	0.40919	0.43942	0.06638	0.05502	0.21413	0.44564
0.175	6.033	0.075	1.60391	1.60643	0.14850	0.13867	0.00089	-0.00161
0.175	12.070	0.150	1.34861	1.39885	0.11626	0.09246	0.19887	0.31897
0.175	20.110	0.250	1.07929	1.14211	0.11416	0.08095	0.31542	0.66462
0.175	28.150	0.350	0.95774	0.91919	0.09382	0.07634	0.15905	0.26698
0.175	36.200	0.450	0.63345	0.72961	0.06931	0.06146	1.95511	2.66954
0.175	44.240	0.550	0.52102	0.57238	0.06816	0.05576	0.58145	1.04238
0.175	52.280	0.650	0.39627	0.44653	0.05003	0.04932	1.02817	0.99564
0.175	60.330	0.750	0.37815	0.35130	0.06042	0.05053	0.19097	0.18889
0.175	68.370	0.850	0.29886	0.28601	0.05707	0.05159	0.04793	0.02358
0.225	7.756	0.075	1.41669	1.42112	0.15055	0.13086	0.00165	0.00330
0.225	15.510	0.150	1.05025	1.20023	0.11569	0.08101	1.70877	3.82733
0.225	25.850	0.250	0.98527	0.95233	0.09173	0.07712	0.11998	0.09358
0.225	36.200	0.350	0.76491	0.74552	0.07419	0.06749	0.06204	0.15448
0.225	46.540	0.450	0.46676	0.57345	0.06003	0.05240	3.19158	3.58242
0.225	56.880	0.550	0.33520	0.43281	0.05441	0.04429	3.24505	4.12736
0.225	67.220	0.650	0.33960	0.32159	0.05484	0.04741	0.10317	0.08471
0.225	77.560	0.750	0.22527	0.23835	0.04422	0.04061	0.09116	0.13993
0.225	87.900	0.850	0.15088	0.18205	0.04341	0.03830	0.52171	0.44213
0.275	9.480	0.075	1.12334	1.21601	0.15364	0.11734	0.37443	0.67194
0.275	18.960	0.150	0.79044	1.00137	0.08032	0.06908	6.95739	8.45880
0.275	31.600	0.250	0.76852	0.77638	0.06922	0.06868	0.01609	0.00328
0.275	44.240	0.350	0.48748	0.59424	0.05722	0.05412	3.51939	3.47019
0.275	56.880	0.450	0.47887	0.44525	0.06286	0.05426	0.27648	0.29611
0.275	69.520	0.550	0.30586	0.32491	0.04548	0.04384	0.18213	0.12043
0.275	82.160	0.650	0.21926	0.23065	0.05065	0.03838	0.05290	0.06431
0.275	94.800	0.750	0.12355	0.16075	0.03637	0.03043	1.05506	1.21450
0.350	12.070	0.075	0.91729	0.91040	0.08224	0.07534	0.00498	0.02487
0.350	24.130	0.150	0.66379	0.72608	0.05770	0.04593	1.19499	1.98925
0.350	40.220	0.250	0.53263	0.54723	0.04382	0.04105	0.12073	0.06924
0.350	56.300	0.350	0.40708	0.40781	0.04020	0.03590	0.00091	0.00363
0.350	72.390	0.450	0.25771	0.29620	0.03131	0.02847	1.53582	1.86326
0.350	88.480	0.550	0.18031	0.20741	0.02694	0.02405	1.02791	1.26791
0.350	104.600	0.650	0.11514	0.13872	0.02163	0.02014	1.20253	1.29846
0.350	120.700	0.750	0.08349	0.08837	0.01944	0.01857	0.06551	0.05299
0.450	15.510	0.075	0.63846	0.55663	0.07796	0.06040	1.08119	2.43024
0.450	31.020	0.150	0.37004	0.42730	0.03663	0.03270	2.48123	2.64971
0.450	51.710	0.250	0.30727	0.31224	0.03379	0.03065	0.02500	0.02310
0.450	72.390	0.350	0.24940	0.22655	0.03190	0.02794	0.49981	0.80851
0.450	93.070	0.450	0.12595	0.15970	0.02559	0.01983	1.75600	2.49273
0.450	113.800	0.550	0.10372	0.10748	0.02051	0.01931	0.03586	0.04162
0.450	134.400	0.650	0.05503	0.06768	0.01847	0.01492	0.47402	0.41218
0.550	18.960	0.075	0.29045	0.29586	0.04074	0.03875	0.01996	0.01693
0.550	37.920	0.150	0.23598	0.21839	0.03355	0.02443	0.26607	0.88224
0.550	63.200	0.250	0.15278	0.15520	0.02164	0.02073	0.01440	-0.01269
0.550	88.480	0.350	0.08162	0.11024	0.01664	0.01490	2.97814	3.20838
0.550	113.800	0.450	0.07811	0.07608	0.01708	0.01591	0.01292	0.01352
0.550	139.000	0.550	0.09482	0.04988	0.02050	0.01990	4.78190	5.16302
0.650	22.410	0.075	0.16990	0.13140	0.03041	0.02623	1.58537	2.02768
0.650	44.810	0.150	0.09898	0.09248	0.01824	0.01406	0.12228	0.39649
0.650	74.690	0.250	0.08350	0.06379	0.01500	0.01387	1.70869	1.92195
0.650	104.600	0.350	0.03509	0.04442	0.01101	0.00950	0.72516	1.17600
0.750	51.710	0.150	0.02942	0.02962	0.00768	0.00636	0.00095	-0.00984
0.750	86.180	0.250	0.03253	0.01966	0.00841	0.00742	2.32922	2.88069
0.015	4.270	0.550	1.04124	1.07801	0.19480	0.14177	0.03807	0.16954
0.015	5.047	0.650	1.04524	0.98241	0.15138	0.14017	0.16555	0.15922
0.015	5.823	0.750	0.74599	0.89638	0.13105	0.11444	1.33258	1.89531
0.015	6.600	0.850	0.91058	0.82439	0.14347	0.12835	0.35192	0.47123
0.015	7.260	0.935	1.17840	0.77676	0.24615	0.22106	2.64397	2.95170
0.045	5.804	0.250	1.51480	1.53209	0.18829	0.17251	0.01028	-0.00335
0.045	8.125	0.350	1.20844	1.38295	0.16799	0.15258	1.09705	1.19634
0.045	10.450	0.450	1.25449	1.23144	0.20588	0.15749	0.01097	-0.01514
0.045	12.770	0.550	1.02422	1.09115	0.15458	0.14297	0.19436	0.27780
0.045	15.090	0.650	0.86823	0.96921	0.13928	0.12815	0.53637	0.56627
0.045	17.410	0.750	0.98657	0.86969	0.16499	0.13806	0.49184	0.79391
0.045	19.730	0.850	1.05926	0.79522	0.18354	0.14978	2.04976	2.79257
0.045	21.710	0.935	1.02722	0.75299	0.26789	0.22987	1.03853	1.19305
0.080	6.191	0.150	1.51080	1.68162	0.18748	0.15148	0.84773	0.83723
0.080	10.320	0.250	1.42370	1.48908	0.18190	0.14978	0.13600	0.12026
0.080	14.450	0.350	1.21645	1.29007	0.16221	0.13566	0.21421	0.42478
0.080	18.570	0.450	0.96485	1.10620	0.12482	0.11934	1.30334	1.37649
0.080	22.700	0.550	0.99388	0.94549	0.14992	0.12315	0.09917	0.13365
0.080	26.830	0.650	0.80165	0.81152	0.11996	0.10923	0.00814	0.02061
0.080	30.950	0.750	0.45114	0.70623	0.10652	0.08411	5.75877	8.90417
0.080	35.080	0.850	0.66239	0.63078	0.11825	0.10533	0.06791	0.05333
0.080	38.590	0.935	0.72146	0.59065	0.19210	0.17871	0.45763	0.60419
0.125	4.837	0.075	2.08248	1.74753	0.29398	0.22817	1.27902	2.16570
0.125	9.673	0.150	1.39366	1.57968	0.14286	0.13116	1.72581	2.15551
0.125	16.120	0.250	1.38665	1.33673	0.20362	0.13216	0.05619	0.13512
0.125	22.570	0.350	1.06527	1.11273	0.13352	0.11534	0.13319	0.27590
0.125	29.020	0.450	0.69663	0.91656	0.09700	0.08981	5.17971	6.27210
0.125	35.470	0.550	0.61854	0.75061	0.10110	0.08634	1.72566	2.19310
0.125	41.920	0.650	0.58129	0.61571	0.09441	0.08502	0.13826	0.07617
0.125	48.370	0.750	0.51742	0.51210	0.10802	0.08429	0.00189	-0.01412
0.125	54.810	0.850	0.43592	0.43980	0.10944	0.08034	0.00162	0.01885
0.175	6.771	0.075	1.26851	1.60792	0.18860	0.17401	3.26765	3.15105
0.175	13.540	0.150	1.35862	1.39746	0.15201	0.13086	0.07084	0.12084
0.175	22.570	0.250	1.07228	1.13976	0.12929	0.11504	0.28285	0.19896
0.175	31.600	0.350	0.67771	0.91667	0.10125	0.09143	5.60819	7.14876
0.175	40.630	0.450	0.64657	0.72729	0.11162	0.08959	0.53295	0.68519
0.175	49.660	0.550	0.44583	0.57038	0.08350	0.07525	2.24362	2.75754
0.175	58.680	0.650	0.29755	0.44490	0.07176	0.06069	4.23677	4.68527
0.175	67.710	0.750	0.28274	0.34999	0.06620	0.06293	1.04249	0.95316
0.175	76.740	0.850	0.29866	0.28498	0.07282	0.07193	0.03348	0.04048
0.225	8.706	0.075	1.35862	1.41687	0.19310	0.18082	0.09611	0.10842
0.225	17.410	0.150	1.13836	1.19488	0.14572	0.11984	0.15777	0.07626
0.225	29.020	0.250	0.91960	0.94729	0.11713	0.10783	0.06044	0.00520
0.225	40.630	0.350	0.70053	0.74115	0.10194	0.09257	0.16536	0.14502
0.225	52.230	0.450	0.49729	0.56984	0.08194	0.07732	0.79686	0.65398
0.225	63.840	0.550	0.33059	0.42995	0.07162	0.06284	1.93964	2.48536
0.225	75.450	0.650	0.23278	0.31939	0.06087	0.05439	2.03794	2.57018
0.225	98.670	0.850	0.20915	0.18080	0.06786	0.06441	0.17151	0.20140
0.275	10.640	0.075	1.07328	1.20836	0.18250	0.16009	0.55831	0.87443
0.275	21.280	0.150	0.95454	0.99405	0.11720	0.10603	0.12028	0.06893
0.275	35.470	0.250	0.82899	0.77018	0.12451	0.10152	0.21562	0.25476
0.275	49.660	0.350	0.67030	0.58920	0.09758	0.09165	0.67724	1.01234
0.275	63.840	0.450	0.34801	0.44129	0.08705	0.06507	1.15832	2.33114
0.275	78.030	0.550	0.22216	0.32192	0.06302	0.05191	2.51891	3.88390
0.275	92.220	0.650	0.14017	0.22847	0.08836	0.04104	1.00242	5.72451
0.350	13.540	0.075	0.91789	0.90057	0.11205	0.10583	0.02099	0.03188
0.350	27.080	0.150	0.61453	0.71802	0.07816	0.06068	1.77834	1.96056
0.350	45.140	0.250	0.47807	0.54089	0.06065	0.05385	1.09237	1.14220
0.350	63.200	0.350	0.28254	0.40292	0.04647	0.04164	6.74835	7.67884
0.350	81.250	0.450	0.26151	0.29254	0.05296	0.04113	0.35028	0.45799
0.350	99.310	0.550	0.23928	0.20479	0.05541	0.03913	0.38127	0.77913
0.350	117.400	0.650	0.12164	0.13693	0.03628	0.03100	0.18083	0.32231
0.450	17.410	0.075	0.65608	0.54726	0.09289	0.08380	1.35299	1.98655
0.450	34.820	0.150	0.36884	0.42043	0.04875	0.04398	1.13918	1.08865
0.450	58.040	0.250	0.27292	0.30721	0.04488	0.03883	0.59463	1.01251
0.450	81.250	0.350	0.21436	0.22284	0.03997	0.03626	0.04782	0.06086
0.450	104.500	0.450	0.12235	0.15703	0.03056	0.02790	1.29893	1.71330
0.450	127.700	0.550	0.10933	0.10566	0.03945	0.02880	0.00804	0.02605
0.550	21.280	0.075	0.24379	0.28895	0.05624	0.04487	0.65317	0.67664
0.550	42.560	0.150	0.24119	0.21372	0.03537	0.03407	0.59037	0.67804
0.550	70.940	0.250	0.13877	0.15196	0.03201	0.02639	0.17419	0.16158
0.550	99.310	0.350	0.13416	0.10794	0.03697	0.02808	0.49679	0.83309
0.550	127.700	0.450	0.06223	0.07448	0.02041	0.01825	0.36399	0.56079
0.650	25.150	0.075	0.10192	0.12726	0.03195	0.02513	0.63520	0.98026
0.650	50.300	0.150	0.09715	0.08991	0.01908	0.01820	0.13925	0.16503
0.650	83.830	0.250	0.08225	0.06211	0.02750	0.01725	0.53081	1.62131
0.750	58.040	0.150	0.03402	0.02853	0.00995	0.00842	0.29944	0.22440
0.015	4.736	0.550	1.22045	1.10651	0.36251	0.26962	0.09629	0.38043
0.015	5.597	0.650	1.66698	1.00936	0.40353	0.31017	2.63982	3.95732
0.015	6.458	0.750	0.73828	0.92227	0.23920	0.20204	0.59732	0.89106
0.015	7.320	0.850	0.94332	0.84985	0.27002	0.22937	0.11697	0.08541
0.015	8.052	0.935	1.79213	0.80174	0.47703	0.45284	4.29192	4.80458
0.045	6.437	0.250	1.60691	1.55381	0.34594	0.29775	0.02189	0.02332
0.045	9.012	0.350	1.40367	1.40152	0.30020	0.27683	0.00000	0.00025
0.045	11.590	0.450	1.48277	1.24756	0.35750	0.29295	0.42639	0.79513
0.045	14.160	0.550	1.34260	1.10539	0.34924	0.27493	0.45513	1.02417
0.045	16.740	0.650	1.09831	0.98215	0.26964	0.24880	0.18144	0.30905
0.045	19.310	0.750	0.66229	0.88168	0.21441	0.19543	1.05455	0.86019
0.045	21.890	0.850	1.37163	0.80668	0.37962	0.29896	2.20192	3.60329
0.080	6.866	0.150	1.37964	1.69593	0.23238	0.22767	1.87184	1.91250
0.080	11.440	0.250	1.34260	1.49945	0.24921	0.23228	0.40428	0.38011
0.080	16.020	0.350	0.94933	1.29805	0.24149	0.19693	2.09872	2.84274
0.080	20.600	0.450	1.18641	1.11260	0.23408	0.22337	0.09565	0.12694
0.080	25.180	0.550	1.04825	0.95081	0.24963	0.22246	0.14848	0.20262
0.080	29.750	0.650	0.61543	0.81666	0.18128	0.16860	1.24118	1.09287
0.080	34.330	0.750	0.73217	0.71033	0.21875	0.18862	0.00919	0.01743
0.080	38.910	0.850	0.61643	0.63460	0.18847	0.18222	0.01006	0.01431
0.125	5.364	0.075	1.71204	1.75629	0.37459	0.30837	0.01527	0.02330
0.125	10.730	0.150	1.32758	1.58428	0.21136	0.19854	1.49323	1.31956
0.125	17.880	0.250	1.04725	1.33895	0.21897	0.17691	1.78978	2.11356
0.125	25.030	0.350	0.72336	1.11382	0.16971	0.15609	5.31707	6.74140
0.125	32.190	0.450	0.84831	0.91705	0.19462	0.17321	0.12846	0.04148
0.125	39.340	0.550	0.64156	0.75083	0.17819	0.15188	0.38128	0.29538
0.125	46.490	0.650	0.68411	0.61580	0.18540	0.16239	0.13255	0.10963
0.125	53.640	0.750	0.43021	0.51218	0.14043	0.12725	0.34499	0.37826
0.175	7.510	0.075	1.93230	1.60873	0.37031	0.33159	0.75268	0.91971
0.175	15.020	0.150	1.78212	1.39584	0.27547	0.23608	1.94482	3.06546
0.175	25.030	0.250	1.21244	1.13736	0.22298	0.19653	0.10907	0.16711
0.175	35.050	0.350	0.85151	0.91416	0.17469	0.16800	0.13280	0.08199
0.175	45.060	0.450	0.52022	0.72498	0.15018	0.12985	1.87019	2.08961
0.175	55.070	0.550	0.63215	0.56839	0.19985	0.14677	0.09941	0.09330
0.225	9.656	0.075	1.01921	1.41270	0.24982	0.23518	2.49615	2.48671
0.225	19.310	0.150	1.20243	1.18984	0.22444	0.19253	0.00247	0.03631
0.225	32.190	0.250	0.64477	0.94261	0.14877	0.13927	4.02883	4.71532
0.225	45.060	0.350	0.59671	0.73706	0.16765	0.14497	0.70803	0.97454
0.225	57.930	0.450	0.42681	0.56645	0.25117	0.12605	0.31137	1.70719
0.275	11.800	0.075	1.03724	1.20126	0.29747	0.22917	0.30865	0.29471
0.275	23.600	0.150	0.79314	0.98743	0.16973	0.14898	1.32307	1.91098
0.275	39.340	0.250	0.84761	0.76452	0.17425	0.16219	0.22190	0.32682
0.275	55.070	0.350	0.33820	0.58458	0.22251	0.10402	1.23000	4.38096
0.350	15.020	0.075	0.73157	0.89170	0.17245	0.13536	0.87162	1.06080
0.350	30.040	0.150	0.70194	0.71077	0.10306	0.09865	0.00881	-0.00096
0.350	50.070	0.250	0.55786	0.53518	0.11500	0.09234	0.03667	0.13226
0.350	70.090	0.350	0.38756	0.39850	0.09502	0.07924	0.01440	0.03078
0.350	90.120	0.450	0.35072	0.28921	0.09011	0.07791	0.45950	0.73954
0.450	19.310	0.075	0.52993	0.53903	0.11832	0.10472	0.00676	-0.00862
0.450	38.620	0.150	0.29075	0.41436	0.07796	0.05722	2.52813	4.89899
0.450	64.370	0.250	0.28874	0.30273	0.07471	0.06010	0.03681	0.06712
0.450	90.120	0.350	0.24840	0.21952	0.08081	0.06410	0.12508	0.21880
0.450	115.900	0.450	0.18762	0.15464	0.06755	0.05582	0.23524	0.51911
0.550	23.600	0.075	0.25220	0.28306	0.07040	0.06489	0.19598	0.15200
0.550	47.200	0.150	0.27913	0.20965	0.06445	0.05052	1.15130	2.19531
0.550	78.670	0.250	0.11854	0.14911	0.07525	0.03505	0.16659	0.47988
0.650	27.890	0.075	0.13526	0.12374	0.06369	0.03606	0.03181	0.13962
0.650	55.790	0.150	0.09153	0.08770	0.03625	0.02359	0.01054	0.07183
0.015	4.320	0.450	1.51580	1.23954	1.05895	0.47617	0.06717	0.73469
0.045	4.305	0.150	2.18160	1.69697	0.65214	0.50821	0.54634	0.88420
0.045	7.176	0.250	1.73206	1.57623	0.58903	0.47026	0.06815	0.11149
0.045	15.790	0.550	1.80415	1.11997	0.64205	0.54635	1.12842	1.55316
0.080	7.654	0.150	1.41068	1.71037	0.38935	0.33450	0.59911	0.81081
0.080	12.760	0.250	1.59690	1.50993	0.53436	0.40859	0.02534	0.05594
0.080	17.860	0.350	1.51180	1.30598	0.46554	0.39877	0.19206	0.35504
0.125	5.980	0.075	1.11433	1.76483	0.41289	0.34811	2.49232	3.24753
0.125	11.960	0.150	1.63194	1.58856	0.45386	0.31157	0.00834	0.02466
0.125	19.930	0.250	1.38064	1.34090	0.41592	0.32829	0.00839	-0.02508
0.125	27.910	0.350	0.93021	1.11459	0.31661	0.27953	0.34322	0.50714
0.125	35.880	0.450	0.92090	0.91723	0.82081	0.28914	0.00001	0.00030
0.175	8.372	0.075	1.23347	1.60905	0.64064	0.35682	0.34640	0.32119
0.175	16.740	0.150	1.41368	1.39377	0.33490	0.30947	0.00296	0.00918
0.175	27.910	0.250	0.84991	1.13450	0.33715	0.24579	0.71758	1.36806
0.225	10.760	0.075	1.39066	1.40802	0.41507	0.36644	0.00210	-0.01110
0.225	21.530	0.150	0.97927	1.18438	0.28933	0.23278	0.50830	0.73075
0.225	35.880	0.250	1.02822	0.93746	0.28868	0.26391	0.09621	0.19506
0.225	50.230	0.350	0.79284	0.73260	1.25553	0.24950	0.00223	0.37449
0.275	13.160	0.075	1.02021	1.19362	0.38322	0.30697	0.20762	0.30232
0.275	26.310	0.150	1.16238	0.98034	0.30318	0.25530	0.35510	0.67761
0.350	16.740	0.075	0.58770	0.88244	0.17693	0.15428	2.78829	2.94591
0.350	33.490	0.150	0.96325	0.70316	0.20687	0.17351	1.56670	2.26862
0.350	55.810	0.250	0.40288	0.52917	0.13166	0.11654	0.92707	1.18021
0.450	21.530	0.075	0.67801	0.53067	0.26554	0.15498	0.30451	0.69483
0.450	43.050	0.150	0.36884	0.40808	0.12595	0.08763	0.09924	-0.01251
