ID            : 5944
TypeExp       : DISNEU
TypeTheo      : SIG
TypeCurrent   : CCWM
A1            : 56
A2            : 0
Z1            : 26
Z2            : 0
KinVar        : [X, Q2, Y ]

X	Q2	Y	data	theory	totError	totErrorUncor	chi2Naive	chi2Corr
0.125	4.514	0.550	0.71670	0.68702	0.13450	0.13450	0.04869	0.04869
0.175	4.022	0.350	0.88420	0.91072	0.11040	0.11040	0.05768	0.05768
0.175	5.171	0.450	0.62120	0.72541	0.09061	0.09061	1.32283	1.32283
0.175	6.320	0.550	0.29290	0.56814	0.09690	0.09690	8.06843	8.06843
0.225	5.171	0.350	0.67710	0.78561	0.09782	0.09782	1.23040	1.23040
0.225	6.648	0.450	0.64570	0.60549	0.09720	0.09720	0.17117	0.17117
0.225	8.125	0.550	0.42790	0.45587	0.10430	0.10430	0.07191	0.07191
0.275	6.320	0.350	0.70420	0.65960	0.10870	0.10870	0.16839	0.16839
0.275	8.125	0.450	0.54830	0.49441	0.10160	0.10160	0.28137	0.28137
0.275	9.931	0.550	0.27730	0.35951	0.11320	0.11320	0.52739	0.52739
0.350	8.043	0.350	0.49940	0.48548	0.06672	0.06672	0.04353	0.04353
0.350	10.341	0.450	0.27920	0.35180	0.06422	0.06422	1.27801	1.27801
0.450	10.341	0.350	0.24360	0.29524	0.06873	0.06873	0.56461	0.56461
0.450	13.296	0.450	0.13630	0.20667	0.06448	0.06448	1.19091	1.19091
0.080	4.390	0.650	0.56290	0.67822	0.10050	0.10050	1.31672	1.31672
0.125	4.749	0.450	0.96480	0.85610	0.08975	0.08975	1.46686	1.46686
0.125	5.804	0.550	0.75840	0.70075	0.08341	0.08341	0.47763	0.47763
0.125	6.859	0.650	0.63090	0.57202	0.11960	0.11960	0.24236	0.24236
0.175	5.171	0.350	0.88570	0.91779	0.06794	0.06794	0.22309	0.22309
0.175	6.648	0.450	0.82780	0.73091	0.07142	0.07142	1.84037	1.84037
0.175	8.125	0.550	0.55070	0.57297	0.09368	0.09368	0.05653	0.05653
0.175	9.603	0.650	0.40290	0.44500	0.08713	0.08713	0.23343	0.23343
0.225	4.749	0.250	1.06500	0.99573	0.10870	0.10870	0.40607	0.40607
0.225	6.648	0.350	0.83040	0.78460	0.07292	0.07292	0.39443	0.39443
0.225	8.548	0.450	0.64260	0.60476	0.08931	0.08931	0.17950	0.17950
0.225	10.447	0.550	0.44690	0.45584	0.08303	0.08303	0.01159	0.01159
0.225	12.346	0.650	0.27630	0.33701	0.10470	0.10470	0.33618	0.33618
0.275	5.804	0.250	0.79480	0.85047	0.07623	0.07623	0.53326	0.53326
0.275	8.125	0.350	0.74300	0.65368	0.07197	0.07197	1.54010	1.54010
0.275	10.447	0.450	0.40490	0.49017	0.06185	0.06185	1.90082	1.90082
0.275	12.769	0.550	0.35500	0.35702	0.07355	0.07355	0.00075	0.00075
0.350	7.387	0.250	0.58590	0.63847	0.04597	0.04597	1.30778	1.30778
0.350	10.341	0.350	0.55330	0.47602	0.05393	0.05393	2.05325	2.05325
0.350	13.296	0.450	0.38220	0.34525	0.04917	0.04917	0.56487	0.56487
0.350	16.251	0.550	0.23850	0.24085	0.04543	0.04543	0.00267	0.00267
0.450	9.497	0.250	0.32040	0.39563	0.03725	0.03725	4.07889	4.07889
0.450	13.296	0.350	0.23440	0.28534	0.04103	0.04103	1.54122	1.54122
0.450	17.095	0.450	0.21900	0.20011	0.04786	0.04786	0.15576	0.15576
0.550	16.251	0.350	0.13090	0.15076	0.03726	0.03726	0.28422	0.28422
0.550	20.894	0.450	0.04595	0.10296	0.02778	0.02778	4.21143	4.21143
0.080	4.540	0.550	0.87940	0.81723	0.07144	0.07144	0.75735	0.75735
0.080	5.365	0.650	0.75480	0.69738	0.08448	0.08448	0.46202	0.46202
0.125	4.514	0.350	1.02300	1.04883	0.07393	0.07393	0.12203	0.12203
0.125	5.804	0.450	0.91860	0.86768	0.07014	0.07014	0.52696	0.52696
0.125	7.094	0.550	0.72490	0.71062	0.07511	0.07511	0.03616	0.03616
0.125	8.383	0.650	0.58570	0.58081	0.07075	0.07075	0.00478	0.00478
0.175	4.514	0.250	1.13900	1.13693	0.07456	0.07456	0.00077	0.00077
0.175	6.320	0.350	1.04700	0.92208	0.06818	0.06818	3.35709	3.35709
0.175	8.125	0.450	0.64010	0.73421	0.06683	0.06683	1.98321	1.98321
0.175	9.931	0.550	0.54780	0.57590	0.06393	0.06393	0.19315	0.19315
0.175	11.737	0.650	0.37650	0.44785	0.06517	0.06517	1.19854	1.19854
0.225	5.804	0.250	0.95450	0.99426	0.07653	0.07653	0.26989	0.26989
0.225	8.125	0.350	0.81770	0.78278	0.06966	0.06966	0.25128	0.25128
0.225	10.447	0.450	0.58050	0.60339	0.06217	0.06217	0.13562	0.13562
0.225	12.769	0.550	0.31590	0.45512	0.07030	0.07030	3.92211	3.92211
0.225	15.090	0.650	0.21880	0.33694	0.07162	0.07162	2.72104	2.72104
0.275	7.094	0.250	0.83990	0.84388	0.07263	0.07263	0.00300	0.00300
0.275	9.931	0.350	0.62760	0.64829	0.05499	0.05499	0.14162	0.14162
0.275	12.769	0.450	0.42140	0.48640	0.06149	0.06149	1.11751	1.11751
0.275	15.606	0.550	0.46840	0.35433	0.07689	0.07689	2.20102	2.20102
0.275	18.443	0.650	0.10550	0.25044	0.06016	0.06016	5.80460	5.80460
0.350	9.028	0.250	0.55960	0.62800	0.04712	0.04712	2.10738	2.10738
0.350	12.640	0.350	0.49550	0.46826	0.03694	0.03694	0.54384	0.54384
0.350	16.251	0.450	0.36230	0.33982	0.04751	0.04751	0.22383	0.22383
0.350	19.862	0.550	0.23500	0.23734	0.04307	0.04307	0.00295	0.00295
0.450	11.608	0.250	0.35650	0.38450	0.03045	0.03045	0.84526	0.84526
0.450	16.251	0.350	0.27700	0.27765	0.03524	0.03524	0.00034	0.00034
0.450	20.894	0.450	0.17800	0.19501	0.03943	0.03943	0.18607	0.18607
0.450	25.537	0.550	0.06901	0.13074	0.02463	0.02463	6.28091	6.28091
0.550	14.187	0.250	0.18690	0.20654	0.02301	0.02301	0.72877	0.72877
0.550	19.862	0.350	0.12960	0.14490	0.02445	0.02445	0.39176	0.39176
0.550	25.537	0.450	0.09629	0.09929	0.03526	0.03526	0.00725	0.00725
0.650	23.473	0.350	0.05684	0.06363	0.01925	0.01925	0.12426	0.12426
0.650	30.180	0.450	0.03213	0.04257	0.01640	0.01640	0.40498	0.40498
0.045	4.115	0.750	0.77980	0.67182	0.13260	0.13260	0.66315	0.66315
0.080	4.390	0.450	1.10500	0.97669	0.08138	0.08138	2.48578	2.48578
0.080	5.365	0.550	1.09300	0.83416	0.07463	0.07463	12.02897	12.02897
0.080	6.341	0.650	0.87340	0.71266	0.08600	0.08600	3.49337	3.49337
0.080	7.316	0.750	0.76990	0.61547	0.11500	0.11500	1.80330	1.80330
0.125	5.335	0.350	1.06200	1.05969	0.06566	0.06566	0.00123	0.00123
0.125	6.859	0.450	1.05900	0.87643	0.08130	0.08130	5.04304	5.04304
0.125	8.383	0.550	0.77970	0.71803	0.06177	0.06177	0.99676	0.99676
0.125	9.908	0.650	0.61830	0.58740	0.06319	0.06319	0.23912	0.23912
0.125	11.432	0.750	0.45550	0.48599	0.08036	0.08036	0.14398	0.14398
0.175	5.335	0.250	1.08400	1.14127	0.06194	0.06194	0.85475	0.85475
0.175	7.469	0.350	0.87210	0.92475	0.07110	0.07110	0.54828	0.54828
0.175	9.603	0.450	0.77360	0.73622	0.05526	0.05526	0.45762	0.45762
0.175	11.737	0.550	0.64950	0.57770	0.06240	0.06240	1.32415	1.32415
0.175	13.871	0.650	0.40790	0.44962	0.06616	0.06616	0.39762	0.39762
0.175	16.005	0.750	0.29130	0.35205	0.06986	0.06986	0.75621	0.75621
0.225	4.115	0.150	1.17900	1.23607	0.10290	0.10290	0.30762	0.30762
0.225	6.859	0.250	0.93090	0.99214	0.06006	0.06006	1.03977	1.03977
0.225	9.603	0.350	0.83730	0.78061	0.05812	0.05812	0.95124	0.95124
0.225	12.346	0.450	0.66680	0.60171	0.06282	0.06282	1.07343	1.07343
0.225	15.090	0.550	0.50960	0.45405	0.05970	0.05970	0.86569	0.86569
0.225	17.834	0.650	0.35110	0.33649	0.07426	0.07426	0.03872	0.03872
0.225	20.577	0.750	0.23850	0.24809	0.08814	0.08814	0.01184	0.01184
0.275	5.030	0.150	1.05100	1.07207	0.09468	0.09468	0.04951	0.04951
0.275	8.383	0.250	0.90600	0.83781	0.07360	0.07360	0.85841	0.85841
0.275	11.737	0.350	0.61760	0.64339	0.05509	0.05509	0.21916	0.21916
0.275	15.090	0.450	0.41330	0.48262	0.04937	0.04937	1.97165	1.97165
0.275	18.443	0.550	0.34040	0.35191	0.05463	0.05463	0.04436	0.04436
0.275	21.797	0.650	0.39810	0.24905	0.08688	0.08688	2.94310	2.94310
0.350	6.402	0.150	0.79160	0.81950	0.06653	0.06653	0.17583	0.17583
0.350	10.670	0.250	0.54140	0.61913	0.03278	0.03278	5.62254	5.62254
0.350	14.938	0.350	0.44710	0.46168	0.03946	0.03946	0.13657	0.13657
0.350	19.206	0.450	0.27570	0.33520	0.03297	0.03297	3.25666	3.25666
0.350	23.473	0.550	0.26970	0.23439	0.04358	0.04358	0.65663	0.65663
0.350	27.741	0.650	0.19310	0.15615	0.04585	0.04585	0.64946	0.64946
0.450	13.718	0.250	0.34330	0.37549	0.02855	0.02855	1.27100	1.27100
0.450	19.206	0.350	0.26080	0.27142	0.03064	0.03064	0.12002	0.12002
0.450	24.693	0.450	0.16190	0.19092	0.02699	0.02699	1.15596	1.15596
0.450	30.180	0.550	0.07512	0.12814	0.02628	0.02628	4.06958	4.06958
0.550	16.767	0.250	0.18090	0.19950	0.02261	0.02261	0.67648	0.67648
0.550	23.473	0.350	0.13240	0.14039	0.02465	0.02465	0.10504	0.10504
0.550	30.180	0.450	0.10130	0.09636	0.02628	0.02628	0.03527	0.03527
0.550	36.887	0.550	0.04334	0.06286	0.01897	0.01897	1.05832	1.05832
0.650	27.741	0.350	0.05370	0.06090	0.01640	0.01640	0.19282	0.19282
0.650	35.667	0.450	0.04356	0.04086	0.02205	0.02205	0.01495	0.01495
0.045	4.115	0.650	0.95110	0.78160	0.08303	0.08303	4.16728	4.16728
0.045	4.749	0.750	0.85180	0.69307	0.10100	0.10100	2.47003	2.47003
0.080	5.065	0.450	1.11300	0.99266	0.07352	0.07352	2.67927	2.67927
0.080	6.191	0.550	0.91760	0.84811	0.06286	0.06286	1.22223	1.22223
0.080	7.316	0.650	0.76810	0.72523	0.07160	0.07160	0.35855	0.35855
0.080	8.442	0.750	0.80940	0.62715	0.10740	0.10740	2.87951	2.87951
0.125	4.397	0.250	1.28100	1.27250	0.06434	0.06434	0.01743	0.01743
0.125	6.156	0.350	1.06200	1.06822	0.06172	0.06172	0.01016	0.01016
0.125	7.914	0.450	0.90420	0.88324	0.06971	0.06971	0.09037	0.09037
0.125	9.673	0.550	0.78390	0.72378	0.06112	0.06112	0.96740	0.96740
0.125	11.432	0.650	0.60510	0.59250	0.05960	0.05960	0.04467	0.04467
0.125	13.191	0.750	0.54240	0.49071	0.07933	0.07933	0.42459	0.42459
0.175	6.156	0.250	1.11000	1.14415	0.07673	0.07673	0.19812	0.19812
0.175	8.618	0.350	0.92070	0.92639	0.06250	0.06250	0.00830	0.00830
0.175	11.080	0.450	0.75870	0.73740	0.05746	0.05746	0.13747	0.13747
0.175	13.542	0.550	0.60480	0.57874	0.06267	0.06267	0.17285	0.17285
0.175	16.005	0.650	0.44820	0.45073	0.07862	0.07862	0.00104	0.00104
0.175	18.467	0.750	0.33490	0.35327	0.06753	0.06753	0.07401	0.07401
0.225	4.749	0.150	1.19200	1.23504	0.08181	0.08181	0.27683	0.27683
0.225	7.914	0.250	1.05000	0.98973	0.06413	0.06413	0.88318	0.88318
0.225	11.080	0.350	0.78760	0.77832	0.06311	0.06311	0.02164	0.02164
0.225	14.246	0.450	0.60370	0.59990	0.05335	0.05335	0.00508	0.00508
0.225	17.412	0.550	0.53350	0.45282	0.06995	0.06995	1.33020	1.33020
0.225	20.577	0.650	0.25780	0.33582	0.05715	0.05715	1.86378	1.86378
0.225	23.743	0.750	0.31470	0.24795	0.08451	0.08451	0.62392	0.62392
0.275	5.804	0.150	1.02500	1.06618	0.08008	0.08008	0.26445	0.26445
0.275	9.673	0.250	0.79590	0.83223	0.05616	0.05616	0.41857	0.41857
0.275	13.542	0.350	0.53360	0.63891	0.05266	0.05266	3.99934	3.99934
0.275	17.412	0.450	0.58180	0.47930	0.05961	0.05961	2.95667	2.95667
0.275	21.281	0.550	0.39720	0.34966	0.05726	0.05726	0.68926	0.68926
0.275	25.150	0.650	0.28660	0.24772	0.07264	0.07264	0.28655	0.28655
0.350	7.387	0.150	0.80540	0.80970	0.05175	0.05175	0.00689	0.00689
0.350	12.311	0.250	0.64950	0.61144	0.03800	0.03800	1.00311	1.00311
0.350	17.236	0.350	0.52730	0.45598	0.03646	0.03646	3.82605	3.82605
0.350	22.160	0.450	0.35480	0.33124	0.03333	0.03333	0.49972	0.49972
0.350	27.085	0.550	0.16360	0.23177	0.03506	0.03506	3.78103	3.78103
0.350	32.009	0.650	0.16190	0.15456	0.03828	0.03828	0.03674	0.03674
0.450	9.497	0.150	0.51580	0.50654	0.04590	0.04590	0.04069	0.04069
0.450	15.829	0.250	0.34500	0.36796	0.02762	0.02762	0.69109	0.69109
0.450	22.160	0.350	0.24890	0.26626	0.02759	0.02759	0.39610	0.39610
0.450	28.492	0.450	0.15180	0.18745	0.02497	0.02497	2.03815	2.03815
0.450	34.823	0.550	0.10250	0.12591	0.02596	0.02596	0.81304	0.81304
0.450	41.155	0.650	0.12060	0.07894	0.05679	0.05679	0.53807	0.53807
0.550	19.346	0.250	0.19020	0.19377	0.02516	0.02516	0.02019	0.02019
0.550	27.085	0.350	0.11670	0.13669	0.02064	0.02064	0.93794	0.93794
0.550	34.823	0.450	0.07977	0.09394	0.02215	0.02215	0.40928	0.40928
0.550	42.562	0.550	0.05957	0.06135	0.02467	0.02467	0.00520	0.00520
0.650	22.864	0.250	0.07055	0.08558	0.01286	0.01286	1.36622	1.36622
0.650	32.009	0.350	0.06161	0.05872	0.01514	0.01514	0.03644	0.03644
0.650	41.155	0.450	0.01374	0.03949	0.01417	0.01417	3.30167	3.30167
0.045	4.664	0.650	0.78260	0.80102	0.06952	0.06952	0.07023	0.07023
0.045	5.382	0.750	0.69160	0.71153	0.07498	0.07498	0.07064	0.07064
0.080	4.465	0.350	1.19900	1.16921	0.06959	0.06959	0.18320	0.18320
0.080	5.741	0.450	1.06000	1.00612	0.07763	0.07763	0.48166	0.48166
0.080	7.016	0.550	0.96400	0.85985	0.07689	0.07689	1.83483	1.83483
0.080	8.292	0.650	0.83640	0.73578	0.06819	0.06819	2.17715	2.17715
0.080	9.568	0.750	0.75390	0.63694	0.10310	0.10310	1.28685	1.28685
0.125	4.983	0.250	1.30500	1.28176	0.07188	0.07188	0.10456	0.10456
0.125	6.976	0.350	1.01700	1.07509	0.05746	0.05746	1.02193	1.02193
0.125	8.970	0.450	0.84780	0.88869	0.06359	0.06359	0.41358	0.41358
0.125	10.963	0.550	0.71890	0.72836	0.05591	0.05591	0.02865	0.02865
0.125	12.956	0.650	0.65880	0.59654	0.05926	0.05926	1.10378	1.10378
0.125	14.949	0.750	0.56100	0.49444	0.08069	0.08069	0.68046	0.68046
0.175	4.186	0.150	1.28500	1.38759	0.09228	0.09228	1.23591	1.23591
0.175	6.976	0.250	1.20700	1.14608	0.08719	0.08719	0.48820	0.48820
0.175	9.767	0.350	0.88340	0.92736	0.05813	0.05813	0.57183	0.57183
0.175	12.557	0.450	0.76090	0.73802	0.05597	0.05597	0.16704	0.16704
0.175	15.348	0.550	0.54490	0.57932	0.04883	0.04883	0.49699	0.49699
0.175	18.139	0.650	0.49780	0.45139	0.06229	0.06229	0.55517	0.55517
0.175	20.929	0.750	0.40480	0.35407	0.07369	0.07369	0.47384	0.47384
0.225	5.382	0.150	1.27900	1.23345	0.08824	0.08824	0.26652	0.26652
0.225	8.970	0.250	1.02700	0.98719	0.06651	0.06651	0.35833	0.35833
0.225	12.557	0.350	0.78490	0.77596	0.05863	0.05863	0.02323	0.02323
0.225	16.145	0.450	0.57980	0.59802	0.05234	0.05234	0.12124	0.12124
0.225	19.733	0.550	0.42790	0.45151	0.06130	0.06130	0.14832	0.14832
0.225	23.321	0.650	0.30890	0.33509	0.05227	0.05227	0.25111	0.25111
0.225	26.909	0.750	0.30860	0.24762	0.09021	0.09021	0.45691	0.45691
0.275	6.578	0.150	1.09600	1.06058	0.09252	0.09252	0.14657	0.14657
0.275	10.963	0.250	0.89740	0.82710	0.06336	0.06336	1.23117	1.23117
0.275	15.348	0.350	0.60620	0.63480	0.05242	0.05242	0.29758	0.29758
0.275	19.733	0.450	0.45990	0.47623	0.05417	0.05417	0.09084	0.09084
0.275	24.118	0.550	0.34920	0.34760	0.05057	0.05057	0.00100	0.00100
0.275	28.503	0.650	0.33180	0.24640	0.07465	0.07465	1.30870	1.30870
0.275	32.889	0.750	0.07852	0.17110	0.03495	0.03495	7.01699	7.01699
0.350	8.372	0.150	0.79050	0.80100	0.04981	0.04981	0.04440	0.04440
0.350	13.953	0.250	0.53070	0.60467	0.03684	0.03684	4.03165	4.03165
0.350	19.534	0.350	0.47850	0.45096	0.04340	0.04340	0.40277	0.40277
0.350	25.115	0.450	0.30650	0.32775	0.03031	0.03031	0.49152	0.49152
0.350	30.696	0.550	0.19880	0.22942	0.03172	0.03172	0.93201	0.93201
0.350	36.277	0.650	0.05272	0.15311	0.02015	0.02015	24.82120	24.82120
0.450	10.764	0.150	0.43410	0.49728	0.03663	0.03663	2.97534	2.97534
0.450	17.939	0.250	0.36410	0.36152	0.03068	0.03068	0.00707	0.00707
0.450	25.115	0.350	0.27130	0.26186	0.02947	0.02947	0.10250	0.10250
0.450	32.291	0.450	0.20260	0.18444	0.02650	0.02650	0.46973	0.46973
0.450	39.466	0.550	0.07826	0.12396	0.02376	0.02376	3.69974	3.69974
0.450	46.642	0.650	0.01177	0.07780	0.01293	0.01293	26.07660	26.07660
0.550	21.926	0.250	0.20660	0.18906	0.02302	0.02302	0.58051	0.58051
0.550	30.696	0.350	0.13300	0.13356	0.02422	0.02422	0.00054	0.00054
0.550	39.466	0.450	0.11430	0.09188	0.02691	0.02691	0.69421	0.69421
0.550	48.237	0.550	0.06296	0.06006	0.01902	0.01902	0.02326	0.02326
0.650	25.912	0.250	0.07914	0.08274	0.01386	0.01386	0.06743	0.06743
0.650	36.277	0.350	0.03558	0.05691	0.01007	0.01007	4.48875	4.48875
0.650	46.642	0.450	0.02212	0.03834	0.01286	0.01286	1.59085	1.59085
0.650	57.007	0.550	0.04155	0.02454	0.02908	0.02908	0.34203	0.34203
0.045	4.411	0.550	0.99240	0.92658	0.08240	0.08240	0.63803	0.63803
0.045	5.213	0.650	0.78290	0.81816	0.07132	0.07132	0.24441	0.24441
0.045	6.015	0.750	0.74770	0.72780	0.07663	0.07663	0.06747	0.06747
0.045	6.817	0.850	0.53540	0.65853	0.15460	0.15460	0.63430	0.63430
0.080	4.990	0.350	1.24200	1.18292	0.07740	0.07740	0.58254	0.58254
0.080	6.416	0.450	1.19900	1.01768	0.09033	0.09033	4.02912	4.02912
0.080	7.842	0.550	0.93170	0.86991	0.09087	0.09087	0.46240	0.46240
0.080	9.267	0.650	0.87130	0.74481	0.08135	0.08135	2.41775	2.41775
0.080	10.693	0.750	0.82950	0.64502	0.08220	0.08220	5.03668	5.03668
0.080	12.119	0.850	0.57520	0.57290	0.12920	0.12920	0.00032	0.00032
0.125	5.569	0.250	1.34000	1.28946	0.07949	0.07949	0.40419	0.40419
0.125	7.797	0.350	1.08800	1.08072	0.06858	0.06858	0.01128	0.01128
0.125	10.025	0.450	1.00200	0.89313	0.06720	0.06720	2.62471	2.62471
0.125	12.253	0.550	0.76590	0.73207	0.06210	0.06210	0.29685	0.29685
0.125	14.480	0.650	0.61450	0.59980	0.05887	0.05887	0.06236	0.06236
0.125	16.708	0.750	0.43170	0.49744	0.06130	0.06130	1.15017	1.15017
0.175	4.678	0.150	1.47300	1.39104	0.10320	0.10320	0.63066	0.63066
0.175	7.797	0.250	0.99750	1.14733	0.07833	0.07833	3.65903	3.65903
0.175	10.916	0.350	0.92780	0.92785	0.06777	0.06777	0.00000	0.00000
0.175	14.035	0.450	0.70970	0.73827	0.05839	0.05839	0.23947	0.23947
0.175	17.154	0.550	0.55950	0.57957	0.06339	0.06339	0.10022	0.10022
0.175	20.273	0.650	0.52330	0.45173	0.06115	0.06115	1.36971	1.36971
0.175	23.391	0.750	0.27710	0.35462	0.06361	0.06361	1.48498	1.48498
0.225	6.015	0.150	1.37200	1.23154	0.09672	0.09672	2.10887	2.10887
0.225	10.025	0.250	0.93230	0.98462	0.06819	0.06819	0.58879	0.58879
0.225	14.035	0.350	0.78540	0.77363	0.05986	0.05986	0.03869	0.03869
0.225	18.045	0.450	0.68580	0.59616	0.06333	0.06333	2.00359	2.00359
0.225	22.055	0.550	0.40450	0.45022	0.05835	0.05835	0.61390	0.61390
0.225	26.065	0.650	0.27880	0.33428	0.04462	0.04462	1.54591	1.54591
0.225	30.075	0.750	0.28390	0.24718	0.09150	0.09150	0.16102	0.16102
0.275	7.352	0.150	1.03300	1.05529	0.07843	0.07843	0.08076	0.08076
0.275	12.253	0.250	0.79710	0.82234	0.06268	0.06268	0.16219	0.16219
0.275	17.154	0.350	0.64830	0.63099	0.06850	0.06850	0.06385	0.06385
0.275	22.055	0.450	0.51600	0.47344	0.05922	0.05922	0.51650	0.51650
0.275	26.956	0.550	0.22490	0.34564	0.03855	0.03855	9.81038	9.81038
0.275	31.857	0.650	0.30610	0.24513	0.06591	0.06591	0.85580	0.85580
0.275	36.758	0.750	0.14840	0.17035	0.05489	0.05489	0.15993	0.15993
0.350	9.357	0.150	0.83090	0.79319	0.05291	0.05291	0.50798	0.50798
0.350	15.594	0.250	0.58400	0.59863	0.03968	0.03968	0.13588	0.13588
0.350	21.832	0.350	0.39070	0.44654	0.04282	0.04282	1.70049	1.70049
0.350	28.070	0.450	0.28360	0.32460	0.03386	0.03386	1.46631	1.46631
0.350	34.307	0.550	0.24320	0.22728	0.03979	0.03979	0.15998	0.15998
0.350	40.545	0.650	0.13240	0.15177	0.03451	0.03451	0.31502	0.31502
0.450	12.030	0.150	0.41200	0.48923	0.03204	0.03204	5.80986	5.80986
0.450	20.050	0.250	0.35790	0.35591	0.03755	0.03755	0.00281	0.00281
0.450	28.070	0.350	0.24130	0.25800	0.03088	0.03088	0.29249	0.29249
0.450	36.090	0.450	0.16360	0.18178	0.02557	0.02557	0.50561	0.50561
0.450	44.109	0.550	0.13660	0.12223	0.02991	0.02991	0.23070	0.23070
0.450	52.129	0.650	0.08572	0.07677	0.03970	0.03970	0.05082	0.05082
0.550	14.703	0.150	0.24310	0.26354	0.02943	0.02943	0.48254	0.48254
0.550	24.505	0.250	0.18230	0.18505	0.02252	0.02252	0.01494	0.01494
0.550	34.307	0.350	0.12590	0.13086	0.02418	0.02418	0.04212	0.04212
0.550	44.109	0.450	0.05898	0.09009	0.01396	0.01396	4.96603	4.96603
0.550	53.912	0.550	0.02758	0.05893	0.01352	0.01352	5.37763	5.37763
0.650	28.961	0.250	0.06714	0.08035	0.01441	0.01441	0.84004	0.84004
0.650	40.545	0.350	0.03832	0.05538	0.01176	0.01176	2.10560	2.10560
0.650	52.129	0.450	0.02789	0.03736	0.01878	0.01878	0.25431	0.25431
0.650	63.714	0.550	0.03696	0.02394	0.03097	0.03097	0.17665	0.17665
0.045	4.179	0.450	1.13300	1.07500	0.06985	0.06985	0.68948	0.68948
0.045	5.107	0.550	1.14000	0.95071	0.07818	0.07818	5.86223	5.86223
0.045	6.036	0.650	0.93750	0.84051	0.06259	0.06259	2.40151	2.40151
0.045	6.965	0.750	0.90530	0.74896	0.07747	0.07747	4.07249	4.07249
0.045	7.893	0.850	0.86730	0.67908	0.13350	0.13350	1.98769	1.98769
0.080	4.127	0.250	1.46400	1.37616	0.07160	0.07160	1.50513	1.50513
0.080	5.778	0.350	1.15800	1.20032	0.06045	0.06045	0.49011	0.49011
0.080	7.429	0.450	1.03700	1.03232	0.05695	0.05695	0.00676	0.00676
0.080	9.080	0.550	0.93230	0.88260	0.05729	0.05729	0.75250	0.75250
0.080	10.731	0.650	0.78520	0.75588	0.06020	0.06020	0.23717	0.23717
0.080	12.382	0.750	0.77150	0.65550	0.06927	0.06927	2.80423	2.80423
0.080	14.032	0.850	0.58560	0.58286	0.08892	0.08892	0.00095	0.00095
0.125	6.449	0.250	1.34400	1.29869	0.06982	0.06982	0.42114	0.42114
0.125	9.028	0.350	1.15500	1.08747	0.07216	0.07216	0.87577	0.87577
0.125	11.608	0.450	0.92140	0.89840	0.05527	0.05527	0.17319	0.17319
0.125	14.187	0.550	0.75310	0.73642	0.04501	0.04501	0.13729	0.13729
0.125	16.767	0.650	0.70610	0.60361	0.05446	0.05446	3.54149	3.54149
0.125	19.346	0.750	0.56510	0.50095	0.05474	0.05474	1.37325	1.37325
0.125	21.926	0.850	0.55090	0.42899	0.09020	0.09020	1.82660	1.82660
0.175	5.417	0.150	1.39000	1.39470	0.06619	0.06619	0.00504	0.00504
0.175	9.028	0.250	1.12300	1.14835	0.05969	0.05969	0.18042	0.18042
0.175	12.640	0.350	0.92920	0.92798	0.05205	0.05205	0.00055	0.00055
0.175	16.251	0.450	0.81080	0.73816	0.06147	0.06147	1.39630	1.39630
0.175	19.862	0.550	0.56020	0.57951	0.04165	0.04165	0.21492	0.21492
0.175	23.473	0.650	0.47140	0.45194	0.05391	0.05391	0.13029	0.13029
0.175	27.085	0.750	0.39080	0.35501	0.06065	0.06065	0.34821	0.34821
0.225	6.965	0.150	1.18900	1.22839	0.06301	0.06301	0.39075	0.39075
0.225	11.608	0.250	1.02600	0.98080	0.05950	0.05950	0.57721	0.57721
0.225	16.251	0.350	0.68540	0.77018	0.05074	0.05074	2.79213	2.79213
0.225	20.894	0.450	0.57870	0.59343	0.04320	0.04320	0.11627	0.11627
0.225	25.537	0.550	0.42430	0.44828	0.03875	0.03875	0.38287	0.38287
0.225	30.180	0.650	0.32960	0.33297	0.03991	0.03991	0.00714	0.00714
0.225	34.823	0.750	0.14960	0.24640	0.03750	0.03750	6.66297	6.66297
0.225	39.466	0.850	0.14660	0.18770	0.06612	0.06612	0.38640	0.38640
0.275	8.512	0.150	0.98140	1.04791	0.05824	0.05824	1.30419	1.30419
0.275	14.187	0.250	0.76180	0.81583	0.05137	0.05137	1.10608	1.10608
0.275	19.862	0.350	0.48860	0.62578	0.04509	0.04509	9.25573	9.25573
0.275	25.537	0.450	0.49210	0.46961	0.04355	0.04355	0.26679	0.26679
0.275	31.212	0.550	0.36680	0.34290	0.03961	0.03961	0.36398	0.36398
0.275	36.887	0.650	0.25690	0.24330	0.04474	0.04474	0.09240	0.09240
0.275	42.562	0.750	0.16170	0.16923	0.04394	0.04394	0.02939	0.02939
0.350	10.834	0.150	0.79720	0.78283	0.04601	0.04601	0.09758	0.09758
0.350	18.056	0.250	0.56240	0.59063	0.03142	0.03142	0.80734	0.80734
0.350	25.279	0.350	0.40080	0.44071	0.03102	0.03102	1.65496	1.65496
0.350	32.502	0.450	0.27030	0.32039	0.02610	0.02610	3.68281	3.68281
0.350	39.724	0.550	0.21320	0.22440	0.02221	0.02221	0.25434	0.25434
0.350	46.947	0.650	0.22530	0.14994	0.03439	0.03439	4.80224	4.80224
0.350	54.169	0.750	0.04686	0.09523	0.02830	0.02830	2.92121	2.92121
0.450	13.929	0.150	0.41860	0.47886	0.02892	0.02892	4.34106	4.34106
0.450	23.215	0.250	0.31480	0.34882	0.02618	0.02618	1.68834	1.68834
0.450	32.502	0.350	0.25270	0.25297	0.02225	0.02225	0.00015	0.00015
0.450	41.788	0.450	0.17280	0.17831	0.01942	0.01942	0.08043	0.08043
0.450	51.074	0.550	0.08872	0.11996	0.01796	0.01796	3.02535	3.02535
0.450	60.360	0.650	0.06545	0.07541	0.01774	0.01774	0.31491	0.31491
0.550	17.025	0.150	0.25550	0.25549	0.02289	0.02289	0.00000	0.00000
0.550	28.375	0.250	0.14390	0.17996	0.01864	0.01864	3.74186	3.74186
0.550	39.724	0.350	0.13340	0.12741	0.02325	0.02325	0.06636	0.06636
0.550	51.074	0.450	0.07326	0.08779	0.01450	0.01450	1.00378	1.00378
0.550	62.424	0.550	0.05622	0.05747	0.01640	0.01640	0.00584	0.00584
0.550	73.774	0.650	0.01131	0.03469	0.01174	0.01174	3.96588	3.96588
0.650	33.533	0.250	0.06765	0.07737	0.01051	0.01051	0.85522	0.85522
0.650	46.947	0.350	0.04440	0.05346	0.00953	0.00953	0.90401	0.90401
0.650	60.360	0.450	0.03957	0.03612	0.01015	0.01015	0.11544	0.11544
0.650	73.774	0.550	0.01471	0.02318	0.00992	0.00992	0.72856	0.72856
0.045	4.939	0.450	1.18500	1.10494	0.08692	0.08692	0.84844	0.84844
0.045	6.036	0.550	1.29400	0.97781	0.09892	0.09892	10.21706	10.21706
0.045	7.133	0.650	1.04000	0.86553	0.09064	0.09064	3.70502	3.70502
0.045	8.231	0.750	1.06900	0.77262	0.11680	0.11680	6.43911	6.43911
0.045	9.328	0.850	1.02200	0.70199	0.16410	0.16410	3.80291	3.80291
0.080	4.878	0.250	1.52800	1.39951	0.09026	0.09026	2.02650	2.02650
0.080	6.829	0.350	1.46400	1.21918	0.09052	0.09052	7.31458	7.31458
0.080	8.780	0.450	1.15800	1.04812	0.10160	0.10160	1.16964	1.16964
0.080	10.731	0.550	0.94110	0.89596	0.07381	0.07381	0.37397	0.37397
0.080	12.682	0.650	0.81410	0.76803	0.06705	0.06705	0.47211	0.47211
0.080	14.633	0.750	0.76360	0.66663	0.07487	0.07487	1.67736	1.67736
0.080	16.584	0.850	0.61520	0.59345	0.08328	0.08328	0.06818	0.06818
0.125	4.573	0.150	1.55900	1.53115	0.09733	0.09733	0.08187	0.08187
0.125	7.621	0.250	1.29200	1.30817	0.08603	0.08603	0.03531	0.03531
0.125	10.670	0.350	1.18600	1.09424	0.08092	0.08092	1.28590	1.28590
0.125	13.718	0.450	0.94390	0.90358	0.07963	0.07963	0.25633	0.25633
0.125	16.767	0.550	0.72590	0.74066	0.07437	0.07437	0.03940	0.03940
0.125	19.815	0.650	0.57960	0.60744	0.06398	0.06398	0.18939	0.18939
0.125	22.864	0.750	0.59670	0.50440	0.06475	0.06475	2.03185	2.03185
0.125	25.912	0.850	0.51770	0.43232	0.10460	0.10460	0.66631	0.66631
0.175	6.402	0.150	1.23400	1.39769	0.07949	0.07949	4.24049	4.24049
0.175	10.670	0.250	1.17500	1.14866	0.08761	0.08761	0.09041	0.09041
0.175	14.938	0.350	0.98950	0.92743	0.07706	0.07706	0.64887	0.64887
0.175	19.206	0.450	0.68180	0.73744	0.05512	0.05512	1.01910	1.01910
0.175	23.473	0.550	0.73210	0.57902	0.08620	0.08620	3.15364	3.15364
0.175	27.741	0.650	0.55990	0.45170	0.06481	0.06481	2.78697	2.78697
0.175	32.009	0.750	0.29750	0.35504	0.06309	0.06309	0.83167	0.83167
0.175	36.277	0.850	0.25760	0.28860	0.09647	0.09647	0.10328	0.10328
0.225	4.115	0.075	1.46100	1.43537	0.19350	0.19350	0.01755	0.01755
0.225	8.231	0.150	1.28400	1.22395	0.07975	0.07975	0.56699	0.56699
0.225	13.718	0.250	0.84180	0.97586	0.07010	0.07010	3.65715	3.65715
0.225	19.206	0.350	0.68580	0.76582	0.07323	0.07323	1.19391	1.19391
0.225	24.693	0.450	0.63870	0.59003	0.06018	0.06018	0.65418	0.65418
0.225	30.180	0.550	0.47850	0.44571	0.05477	0.05477	0.35841	0.35841
0.225	35.667	0.650	0.30230	0.33117	0.04372	0.04372	0.43613	0.43613
0.225	41.155	0.750	0.26090	0.24523	0.06406	0.06406	0.05985	0.05985
0.225	46.642	0.850	0.13340	0.18698	0.07048	0.07048	0.57794	0.57794
0.275	5.030	0.075	1.17200	1.25277	0.18660	0.18660	0.18736	0.18736
0.275	10.060	0.150	1.03800	1.03903	0.08228	0.08228	0.00016	0.00016
0.275	16.767	0.250	0.84550	0.80808	0.09018	0.09018	0.17222	0.17222
0.275	23.473	0.350	0.64280	0.61971	0.05930	0.05930	0.15157	0.15157
0.275	30.180	0.450	0.52560	0.46499	0.05542	0.05542	1.19622	1.19622
0.275	36.887	0.550	0.39290	0.33956	0.06271	0.06271	0.72351	0.72351
0.275	43.594	0.650	0.26200	0.24102	0.04280	0.04280	0.24020	0.24020
0.275	50.300	0.750	0.23770	0.16778	0.08696	0.08696	0.64642	0.64642
0.350	6.402	0.075	0.80120	0.96405	0.10850	0.10850	2.25275	2.25275
0.350	12.804	0.150	0.70420	0.77096	0.05416	0.05416	1.51927	1.51927
0.350	21.340	0.250	0.55500	0.58156	0.03898	0.03898	0.46431	0.46431
0.350	29.875	0.350	0.45550	0.43398	0.04112	0.04112	0.27384	0.27384
0.350	38.411	0.450	0.36150	0.31550	0.03726	0.03726	1.52399	1.52399
0.350	46.947	0.550	0.26750	0.22103	0.03845	0.03845	1.46082	1.46082
0.350	55.483	0.650	0.15540	0.14776	0.02760	0.02760	0.07654	0.07654
0.350	64.019	0.750	0.06027	0.09395	0.02484	0.02484	1.83863	1.83863
0.450	16.462	0.150	0.46150	0.46737	0.03605	0.03605	0.02652	0.02652
0.450	27.436	0.250	0.32330	0.34091	0.03216	0.03216	0.29977	0.29977
0.450	38.411	0.350	0.23120	0.24732	0.02965	0.02965	0.29568	0.29568
0.450	49.386	0.450	0.14830	0.17438	0.02393	0.02393	1.18794	1.18794
0.450	60.360	0.550	0.13770	0.11737	0.02652	0.02652	0.58778	0.58778
0.450	71.335	0.650	0.10910	0.07383	0.03747	0.03747	0.88591	0.88591
0.450	82.309	0.750	0.09692	0.04229	0.06682	0.06682	0.66841	0.66841
0.550	20.120	0.150	0.21150	0.24682	0.02729	0.02729	1.67483	1.67483
0.550	33.533	0.250	0.14320	0.17439	0.02116	0.02116	2.17295	2.17295
0.550	46.947	0.350	0.10040	0.12361	0.01961	0.01961	1.40112	1.40112
0.550	60.360	0.450	0.08356	0.08524	0.01858	0.01858	0.00813	0.00813
0.550	73.774	0.550	0.04062	0.05584	0.02260	0.02260	0.45370	0.45370
0.550	87.187	0.650	0.03023	0.03374	0.01511	0.01511	0.05393	0.05393
0.550	100.600	0.750	0.03030	0.01793	0.03540	0.03540	0.12209	0.12209
0.650	23.778	0.150	0.07051	0.10900	0.01190	0.01190	10.45973	10.45973
0.650	39.630	0.250	0.07840	0.07419	0.01479	0.01479	0.08090	0.08090
0.650	55.483	0.350	0.04787	0.05139	0.01440	0.01440	0.05982	0.05982
0.650	71.335	0.450	0.03293	0.03477	0.01282	0.01282	0.02069	0.02069
0.650	87.187	0.550	0.01187	0.02234	0.00777	0.00777	1.81641	1.81641
0.045	4.432	0.350	1.34000	1.26779	0.11670	0.11670	0.38283	0.38283
0.045	5.698	0.450	1.33200	1.13018	0.11240	0.11240	3.22394	3.22394
0.045	6.965	0.550	1.41500	1.00060	0.13970	0.13970	8.79945	8.79945
0.045	8.231	0.650	1.02800	0.88652	0.10380	0.10380	1.85774	1.85774
0.045	9.497	0.750	0.96540	0.79240	0.10860	0.10860	2.53771	2.53771
0.045	10.764	0.850	1.03300	0.72109	0.13860	0.13860	5.06448	5.06448
0.080	5.628	0.250	1.46300	1.41857	0.09981	0.09981	0.19819	0.19819
0.080	7.879	0.350	1.24700	1.23451	0.09330	0.09330	0.01792	0.01792
0.080	10.130	0.450	1.17400	1.06060	0.09320	0.09320	1.48047	1.48047
0.080	12.382	0.550	1.06700	0.90693	0.08972	0.08972	3.18308	3.18308
0.080	14.633	0.650	0.82630	0.77771	0.10070	0.10070	0.23282	0.23282
0.080	16.884	0.750	0.77310	0.67553	0.08735	0.08735	1.24763	1.24763
0.080	19.135	0.850	0.73400	0.60187	0.11340	0.11340	1.35763	1.35763
0.125	5.276	0.150	1.56300	1.54258	0.11630	0.11630	0.03083	0.03083
0.125	8.794	0.250	1.25900	1.31536	0.08924	0.08924	0.39892	0.39892
0.125	12.311	0.350	1.12300	1.09926	0.08445	0.08445	0.07904	0.07904
0.125	15.829	0.450	0.92050	0.90735	0.07804	0.07804	0.02841	0.02841
0.125	19.346	0.550	0.76580	0.74368	0.07010	0.07010	0.09957	0.09957
0.125	22.864	0.650	0.57880	0.60996	0.06454	0.06454	0.23315	0.23315
0.125	26.381	0.750	0.58420	0.50686	0.07332	0.07332	1.11270	1.11270
0.125	29.899	0.850	0.39450	0.43467	0.09611	0.09611	0.17471	0.17471
0.175	7.387	0.150	1.19600	1.39931	0.09332	0.09332	4.74652	4.74652
0.175	12.311	0.250	1.09800	1.14824	0.08797	0.08797	0.32612	0.32612
0.175	17.236	0.350	0.91050	0.92638	0.09862	0.09862	0.02593	0.02593
0.175	22.160	0.450	0.82020	0.73640	0.09144	0.09144	0.83979	0.83979
0.175	27.085	0.550	0.55860	0.57818	0.07247	0.07247	0.07299	0.07299
0.175	32.009	0.650	0.47600	0.45112	0.06469	0.06469	0.14797	0.14797
0.175	36.934	0.750	0.36170	0.35471	0.06492	0.06492	0.01159	0.01159
0.175	41.858	0.850	0.29630	0.28849	0.08825	0.08825	0.00783	0.00783
0.225	4.749	0.075	1.61800	1.43369	0.20860	0.20860	0.78071	0.78071
0.225	9.497	0.150	1.15000	1.21950	0.10340	0.10340	0.45182	0.45182
0.225	15.829	0.250	0.87790	0.97116	0.08055	0.08055	1.34033	1.34033
0.225	22.160	0.350	0.70200	0.76178	0.06698	0.06698	0.79648	0.79648
0.225	28.492	0.450	0.56730	0.58678	0.06660	0.06660	0.08551	0.08551
0.225	34.823	0.550	0.43820	0.44323	0.07485	0.07485	0.00451	0.00451
0.225	41.155	0.650	0.35840	0.32938	0.06516	0.06516	0.19833	0.19833
0.225	47.486	0.750	0.20710	0.24400	0.05062	0.05062	0.53152	0.53152
0.225	53.818	0.850	0.14660	0.18616	0.08074	0.08074	0.24011	0.24011
0.275	5.804	0.075	1.09100	1.24543	0.15940	0.15940	0.93863	0.93863
0.275	11.608	0.150	0.82750	1.03100	0.08152	0.08152	6.23165	6.23165
0.275	19.346	0.250	0.76980	0.80119	0.07395	0.07395	0.18014	0.18014
0.275	27.085	0.350	0.50250	0.61430	0.05538	0.05538	4.07553	4.07553
0.275	34.823	0.450	0.48440	0.46083	0.06569	0.06569	0.12876	0.12876
0.275	42.562	0.550	0.28020	0.33652	0.04504	0.04504	1.56351	1.56351
0.275	50.300	0.650	0.27440	0.23892	0.05627	0.05627	0.39764	0.39764
0.275	58.039	0.750	0.15180	0.16640	0.04796	0.04796	0.09272	0.09272
0.350	7.387	0.075	0.97600	0.95213	0.11340	0.11340	0.04431	0.04431
0.350	14.774	0.150	0.71890	0.76076	0.05526	0.05526	0.57384	0.57384
0.350	24.622	0.250	0.54250	0.57388	0.05153	0.05153	0.37080	0.37080
0.350	34.471	0.350	0.43220	0.42816	0.04215	0.04215	0.00917	0.00917
0.350	44.321	0.450	0.27560	0.31125	0.03607	0.03607	0.97690	0.97690
0.350	54.169	0.550	0.25960	0.21807	0.04020	0.04020	1.06742	1.06742
0.350	64.018	0.650	0.19620	0.14583	0.04019	0.04019	1.57064	1.57064
0.350	73.868	0.750	0.10400	0.09279	0.03420	0.03420	0.10740	0.10740
0.450	9.497	0.075	0.47060	0.59888	0.07004	0.07004	3.35429	3.35429
0.450	18.994	0.150	0.38300	0.45781	0.03566	0.03566	4.40105	4.40105
0.450	31.657	0.250	0.31800	0.33426	0.03568	0.03568	0.20767	0.20767
0.450	44.321	0.350	0.18100	0.24255	0.02647	0.02647	5.40677	5.40677
0.450	56.983	0.450	0.11180	0.17104	0.02341	0.02341	6.40452	6.40452
0.450	69.647	0.550	0.14800	0.11515	0.03003	0.03003	1.19676	1.19676
0.450	82.309	0.650	0.09100	0.07247	0.03372	0.03372	0.30197	0.30197
0.450	94.972	0.750	0.06190	0.04155	0.04957	0.04957	0.16847	0.16847
0.550	23.215	0.150	0.19130	0.23993	0.02508	0.02508	3.75901	3.75901
0.550	38.693	0.250	0.15190	0.16981	0.02480	0.02480	0.52157	0.52157
0.550	54.169	0.350	0.09277	0.12046	0.02264	0.02264	1.49598	1.49598
0.550	69.647	0.450	0.06421	0.08310	0.01804	0.01804	1.09685	1.09685
0.550	85.124	0.550	0.07053	0.05447	0.02709	0.02709	0.35148	0.35148
0.550	100.600	0.650	0.04432	0.03293	0.03174	0.03174	0.12877	0.12877
0.550	116.078	0.750	0.03258	0.01752	0.03855	0.03855	0.15253	0.15253
0.650	27.436	0.150	0.09087	0.10485	0.01826	0.01826	0.58597	0.58597
0.650	45.727	0.250	0.06239	0.07164	0.01302	0.01302	0.50424	0.50424
0.650	64.018	0.350	0.04028	0.04971	0.01626	0.01626	0.33611	0.33611
0.650	82.309	0.450	0.05376	0.03367	0.02478	0.02478	0.65742	0.65742
0.650	100.600	0.550	0.03282	0.02165	0.01835	0.01835	0.37077	0.37077
0.650	118.891	0.650	0.03211	0.01275	0.02796	0.02796	0.47940	0.47940
0.015	4.080	0.850	1.07300	0.71018	0.13250	0.13250	7.49820	7.49820
0.045	5.023	0.350	1.34600	1.29235	0.12300	0.12300	0.19023	0.19023
0.045	6.458	0.450	1.27100	1.15191	0.11980	0.11980	0.98825	0.98825
0.045	7.893	0.550	1.10200	1.02015	0.11080	0.11080	0.54574	0.54574
0.045	9.328	0.650	1.19900	0.90448	0.11420	0.11420	6.65121	6.65121
0.045	10.764	0.750	0.97280	0.80927	0.10940	0.10940	2.23439	2.23439
0.045	12.199	0.850	0.98890	0.73734	0.14510	0.14510	3.00570	3.00570
0.080	6.378	0.250	1.53700	1.43451	0.11630	0.11630	0.77660	0.77660
0.080	8.930	0.350	1.25300	1.24727	0.10780	0.10780	0.00283	0.00283
0.080	11.481	0.450	1.15100	1.07114	0.10250	0.10250	0.60696	0.60696
0.080	14.032	0.550	0.90570	0.91593	0.09067	0.09067	0.01274	0.01274
0.080	16.584	0.650	0.76260	0.78567	0.09217	0.09217	0.06265	0.06265
0.080	19.135	0.750	0.78400	0.68278	0.09115	0.09115	1.23312	1.23312
0.080	21.687	0.850	0.77150	0.60875	0.12730	0.12730	1.63452	1.63452
0.125	5.980	0.150	1.75000	1.55172	0.11820	0.11820	2.81401	2.81401
0.125	9.966	0.250	1.30100	1.32097	0.10150	0.10150	0.03872	0.03872
0.125	13.953	0.350	1.11500	1.10306	0.09349	0.09349	0.01631	0.01631
0.125	17.939	0.450	0.99220	0.91012	0.09179	0.09179	0.79964	0.79964
0.125	21.926	0.550	0.77020	0.74591	0.08680	0.08680	0.07833	0.07833
0.125	25.912	0.650	0.57710	0.61189	0.07262	0.07262	0.22945	0.22945
0.125	29.899	0.750	0.54750	0.50862	0.07665	0.07665	0.25733	0.25733
0.125	33.885	0.850	0.67000	0.43637	0.13870	0.13870	2.83736	2.83736
0.175	4.186	0.075	1.46600	1.59722	0.16390	0.16390	0.64095	0.64095
0.175	8.372	0.150	1.54000	1.40005	0.13580	0.13580	1.06202	1.06202
0.175	13.953	0.250	1.14700	1.14732	0.11920	0.11920	0.00001	0.00001
0.175	19.534	0.350	1.02300	0.92505	0.09019	0.09019	1.17953	1.17953
0.175	25.115	0.450	0.67580	0.73516	0.08828	0.08828	0.45218	0.45218
0.175	30.696	0.550	0.61850	0.57712	0.08717	0.08717	0.22535	0.22535
0.175	36.277	0.650	0.43790	0.45032	0.06126	0.06126	0.04109	0.04109
0.175	41.858	0.750	0.35340	0.35417	0.07990	0.07990	0.00009	0.00009
0.175	47.439	0.850	0.35440	0.28816	0.10720	0.10720	0.38178	0.38178
0.225	5.382	0.075	1.47400	1.43140	0.20940	0.20940	0.04139	0.04139
0.225	10.764	0.150	1.16800	1.21517	0.10600	0.10600	0.19799	0.19799
0.225	17.939	0.250	1.05400	0.96672	0.10500	0.10500	0.69095	0.69095
0.225	25.115	0.350	0.74650	0.75800	0.07938	0.07938	0.02099	0.02099
0.225	32.291	0.450	0.55710	0.58372	0.08671	0.08671	0.09421	0.09421
0.225	39.466	0.550	0.36690	0.44084	0.05895	0.05895	1.57335	1.57335
0.225	46.642	0.650	0.30410	0.32763	0.05778	0.05778	0.16586	0.16586
0.225	53.818	0.750	0.18830	0.24277	0.04615	0.04615	1.39325	1.39325
0.225	60.993	0.850	0.08652	0.18530	0.04688	0.04688	4.44012	4.44012
0.275	6.578	0.075	1.21600	1.23850	0.16610	0.16610	0.01834	0.01834
0.275	13.155	0.150	0.97150	1.02374	0.08983	0.08983	0.33825	0.33825
0.275	21.926	0.250	0.72350	0.79507	0.07511	0.07511	0.90798	0.90798
0.275	30.696	0.350	0.64520	0.60966	0.07535	0.07535	0.22247	0.22247
0.275	39.466	0.450	0.42100	0.45705	0.06782	0.06782	0.28248	0.28248
0.275	48.237	0.550	0.26220	0.33373	0.05412	0.05412	1.74682	1.74682
0.275	57.007	0.650	0.13990	0.23696	0.04047	0.04047	5.75192	5.75192
0.275	65.777	0.750	0.13460	0.16510	0.05626	0.05626	0.29383	0.29383
0.275	74.548	0.850	0.08907	0.11696	0.05706	0.05706	0.23885	0.23885
0.350	8.372	0.075	0.98290	0.94158	0.12380	0.12380	0.11141	0.11141
0.350	16.743	0.150	0.76210	0.75184	0.06557	0.06557	0.02450	0.02450
0.350	27.905	0.250	0.59690	0.56712	0.05517	0.05517	0.29132	0.29132
0.350	39.068	0.350	0.38600	0.42303	0.04316	0.04316	0.73613	0.73613
0.350	50.230	0.450	0.25600	0.30748	0.03650	0.03650	1.98944	1.98944
0.350	61.392	0.550	0.19920	0.21542	0.03669	0.03669	0.19554	0.19554
0.350	72.554	0.650	0.18080	0.14409	0.04600	0.04600	0.63689	0.63689
0.350	83.716	0.750	0.05952	0.09173	0.02608	0.02608	1.52524	1.52524
0.450	10.764	0.075	0.62440	0.58771	0.09434	0.09434	0.15123	0.15123
0.450	21.527	0.150	0.39890	0.44974	0.04482	0.04482	1.28675	1.28675
0.450	35.879	0.250	0.26600	0.32853	0.03423	0.03423	3.33756	3.33756
0.450	50.230	0.350	0.20620	0.23842	0.03494	0.03494	0.85030	0.85030
0.450	64.581	0.450	0.09842	0.16814	0.02504	0.02504	7.75249	7.75249
0.450	78.933	0.550	0.09482	0.11320	0.02721	0.02721	0.45648	0.45648
0.450	93.284	0.650	0.08178	0.07127	0.03235	0.03235	0.10562	0.10562
0.550	26.311	0.150	0.23520	0.23414	0.03073	0.03073	0.00118	0.00118
0.550	43.852	0.250	0.11380	0.16593	0.02855	0.02855	3.33420	3.33420
0.550	61.392	0.350	0.12930	0.11777	0.02512	0.02512	0.21050	0.21050
0.550	78.933	0.450	0.10860	0.08127	0.03200	0.03200	0.72920	0.72920
0.550	96.473	0.550	0.04088	0.05328	0.01675	0.01675	0.54836	0.54836
0.550	114.014	0.650	0.02020	0.03223	0.02134	0.02134	0.31758	0.31758
0.550	131.554	0.750	0.02494	0.01717	0.03200	0.03200	0.05902	0.05902
0.650	31.095	0.150	0.05918	0.10144	0.01542	0.01542	7.51056	7.51056
0.650	51.825	0.250	0.06589	0.06951	0.02111	0.02111	0.02937	0.02937
0.650	72.554	0.350	0.02422	0.04829	0.01037	0.01037	5.38872	5.38872
0.650	93.284	0.450	0.04210	0.03273	0.02817	0.02817	0.11057	0.11057
0.650	114.014	0.550	0.03062	0.02106	0.01795	0.01795	0.28393	0.28393
0.015	4.023	0.750	1.13200	0.80608	0.14710	0.14710	4.90892	4.90892
0.015	4.560	0.850	1.11800	0.73594	0.13290	0.13290	8.26464	8.26464
0.045	4.010	0.250	1.72700	1.45189	0.14840	0.14840	3.43676	3.43676
0.045	5.614	0.350	1.64000	1.31387	0.14360	0.14360	5.15774	5.15774
0.045	7.218	0.450	1.10200	1.17088	0.11040	0.11040	0.38932	0.38932
0.045	8.822	0.550	1.39500	1.03718	0.12960	0.12960	7.62271	7.62271
0.045	10.426	0.650	0.88630	0.92052	0.09826	0.09826	0.12128	0.12128
0.045	12.030	0.750	0.81690	0.82390	0.09584	0.09584	0.00533	0.00533
0.045	13.634	0.850	0.86360	0.75139	0.14520	0.14520	0.59718	0.59718
0.045	14.997	0.935	0.50860	0.70985	0.31150	0.31150	0.41742	0.41742
0.080	4.277	0.150	1.69900	1.62606	0.13490	0.13490	0.29235	0.29235
0.080	7.129	0.250	1.59100	1.44811	0.15190	0.15190	0.88486	0.88486
0.080	9.980	0.350	1.53000	1.25779	0.13280	0.13280	4.20171	4.20171
0.080	12.832	0.450	1.10600	1.08006	0.10890	0.10890	0.05675	0.05675
0.080	15.683	0.550	0.96520	0.92347	0.11780	0.11780	0.12551	0.12551
0.080	18.535	0.650	0.88170	0.79230	0.09080	0.09080	0.96947	0.96947
0.080	21.386	0.750	0.73720	0.68884	0.09337	0.09337	0.26825	0.26825
0.080	24.238	0.850	0.61500	0.61448	0.10220	0.10220	0.00003	0.00003
0.125	6.683	0.150	1.54600	1.55918	0.11480	0.11480	0.01319	0.01319
0.125	11.139	0.250	1.38900	1.32543	0.11780	0.11780	0.29117	0.29117
0.125	15.594	0.350	1.16300	1.10599	0.09696	0.09696	0.34573	0.34573
0.125	20.050	0.450	0.92390	0.91218	0.08633	0.08633	0.01842	0.01842
0.125	24.505	0.550	0.92110	0.74755	0.09463	0.09463	3.36360	3.36360
0.125	28.961	0.650	0.61400	0.61327	0.07150	0.07150	0.00010	0.00010
0.125	33.416	0.750	0.59510	0.50988	0.08057	0.08057	1.11876	1.11876
0.125	37.872	0.850	0.47720	0.43759	0.09153	0.09153	0.18727	0.18727
0.175	4.678	0.075	1.51800	1.60079	0.19890	0.19890	0.17324	0.17324
0.175	9.357	0.150	1.33500	1.40020	0.12850	0.12850	0.25748	0.25748
0.175	15.594	0.250	1.09300	1.14614	0.10970	0.10970	0.23467	0.23467
0.175	21.832	0.350	0.71330	0.92359	0.08251	0.08251	6.49571	6.49571
0.175	28.070	0.450	0.60840	0.73376	0.07105	0.07105	3.11331	3.11331
0.175	34.307	0.550	0.54450	0.57593	0.07765	0.07765	0.16386	0.16386
0.175	40.545	0.650	0.39270	0.44939	0.06416	0.06416	0.78076	0.78076
0.175	46.783	0.750	0.32300	0.35350	0.05978	0.05978	0.26030	0.26030
0.175	53.020	0.850	0.21830	0.28769	0.08955	0.08955	0.60050	0.60050
0.225	6.015	0.075	1.47500	1.42881	0.21360	0.21360	0.04675	0.04675
0.225	12.030	0.150	1.13000	1.21096	0.09856	0.09856	0.67479	0.67479
0.225	20.050	0.250	0.83830	0.96253	0.08193	0.08193	2.29917	2.29917
0.225	28.070	0.350	0.61740	0.75443	0.07636	0.07636	3.22019	3.22019
0.225	36.090	0.450	0.57020	0.58077	0.07356	0.07356	0.02063	0.02063
0.225	44.109	0.550	0.45470	0.43857	0.07481	0.07481	0.04651	0.04651
0.225	52.129	0.650	0.27590	0.32594	0.05456	0.05456	0.84110	0.84110
0.225	60.149	0.750	0.22480	0.24156	0.06952	0.06952	0.05810	0.05810
0.225	68.169	0.850	0.03665	0.18443	0.02877	0.02877	26.38435	26.38435
0.275	7.352	0.075	1.14300	1.23198	0.17880	0.17880	0.24766	0.24766
0.275	14.703	0.150	1.09200	1.01711	0.10610	0.10610	0.49817	0.49817
0.275	24.505	0.250	0.69800	0.78954	0.08234	0.08234	1.23582	1.23582
0.275	34.307	0.350	0.68230	0.60492	0.09685	0.09685	0.63836	0.63836
0.275	44.109	0.450	0.50020	0.45357	0.08531	0.08531	0.29873	0.29873
0.275	53.912	0.550	0.33610	0.33115	0.06367	0.06367	0.00604	0.00604
0.275	63.714	0.650	0.16580	0.23513	0.04193	0.04193	2.73420	2.73420
0.275	73.516	0.750	0.16080	0.16386	0.05254	0.05254	0.00338	0.00338
0.275	83.318	0.850	0.05962	0.11613	0.06281	0.06281	0.80932	0.80932
0.350	9.357	0.075	0.80750	0.93214	0.10600	0.10600	1.38252	1.38252
0.350	18.713	0.150	0.66230	0.74391	0.05638	0.05638	2.09522	2.09522
0.350	31.189	0.250	0.48780	0.56109	0.05936	0.05936	1.52458	1.52458
0.350	43.664	0.350	0.35810	0.41844	0.03956	0.03956	2.32618	2.32618
0.350	56.139	0.450	0.28850	0.30409	0.04390	0.04390	0.12618	0.12618
0.350	68.615	0.550	0.22080	0.21303	0.03941	0.03941	0.03883	0.03883
0.350	81.090	0.650	0.11590	0.14250	0.03114	0.03114	0.72970	0.72970
0.350	93.566	0.750	0.09514	0.09075	0.03369	0.03369	0.01700	0.01700
0.350	106.041	0.850	0.07208	0.05655	0.04377	0.04377	0.12584	0.12584
0.450	12.030	0.075	0.63940	0.57801	0.10560	0.10560	0.33791	0.33791
0.450	24.060	0.150	0.39170	0.44279	0.04245	0.04245	1.44831	1.44831
0.450	40.099	0.250	0.32700	0.32351	0.04358	0.04358	0.00640	0.00640
0.450	56.139	0.350	0.24080	0.23478	0.03455	0.03455	0.03037	0.03037
0.450	72.179	0.450	0.15010	0.16557	0.03252	0.03252	0.22623	0.22623
0.450	88.219	0.550	0.12100	0.11147	0.02766	0.02766	0.11865	0.11865
0.450	104.259	0.650	0.03316	0.07019	0.02270	0.02270	2.66060	2.66060
0.450	120.299	0.750	0.02975	0.04030	0.03271	0.03271	0.10396	0.10396
0.550	14.703	0.075	0.24880	0.31229	0.05833	0.05833	1.18465	1.18465
0.550	29.406	0.150	0.19420	0.22918	0.02982	0.02982	1.37609	1.37609
0.550	49.011	0.250	0.16090	0.16258	0.03253	0.03253	0.00266	0.00266
0.550	68.615	0.350	0.07583	0.11544	0.02228	0.02228	3.16019	3.16019
0.550	88.219	0.450	0.07457	0.07967	0.02582	0.02582	0.03906	0.03906
0.550	107.823	0.550	0.03414	0.05224	0.02150	0.02150	0.70868	0.70868
0.550	147.031	0.750	0.02586	0.01684	0.02986	0.02986	0.09115	0.09115
0.650	34.753	0.150	0.09111	0.09857	0.02165	0.02165	0.11859	0.11859
0.650	57.922	0.250	0.07205	0.06769	0.02083	0.02083	0.04372	0.04372
0.650	81.090	0.350	0.04157	0.04708	0.01456	0.01456	0.14309	0.14309
0.650	104.259	0.450	0.04827	0.03192	0.03182	0.03182	0.26389	0.26389
0.650	127.427	0.550	0.06788	0.02054	0.04645	0.04645	1.03866	1.03866
0.650	150.596	0.650	0.02049	0.01211	0.02365	0.02365	0.12556	0.12556
0.015	4.553	0.750	0.94110	0.83580	0.08798	0.08798	1.43246	1.43246
0.015	5.160	0.850	1.04800	0.76509	0.09752	0.09752	8.41635	8.41635
0.015	5.676	0.935	0.84540	0.71750	0.22030	0.22030	0.33708	0.33708
0.045	4.538	0.250	1.76200	1.47912	0.14390	0.14390	3.86453	3.86453
0.045	6.353	0.350	1.44500	1.33742	0.11570	0.11570	0.86452	0.86452
0.045	8.168	0.450	1.26900	1.19158	0.10700	0.10700	0.52350	0.52350
0.045	9.983	0.550	1.36100	1.05571	0.11640	0.11640	6.87883	6.87883
0.045	11.798	0.650	1.09900	0.93701	0.09743	0.09743	2.76448	2.76448
0.045	13.613	0.750	0.95360	0.83971	0.09697	0.09697	1.37947	1.37947
0.045	15.428	0.850	0.92080	0.76656	0.11970	0.11970	1.66028	1.66028
0.045	16.971	0.935	0.76110	0.72480	0.22800	0.22800	0.02535	0.02535
0.080	4.840	0.150	1.74400	1.64541	0.11140	0.11140	0.78326	0.78326
0.080	8.067	0.250	1.45400	1.46259	0.10920	0.10920	0.00619	0.00619
0.080	11.294	0.350	1.32300	1.26920	0.10060	0.10060	0.28603	0.28603
0.080	14.520	0.450	1.16700	1.08936	0.09975	0.09975	0.60575	0.60575
0.080	17.747	0.550	1.01900	0.93137	0.08976	0.08976	0.95318	0.95318
0.080	20.974	0.650	0.91540	0.79921	0.09136	0.09136	1.61751	1.61751
0.080	24.200	0.750	0.72680	0.69514	0.07401	0.07401	0.18297	0.18297
0.080	27.427	0.850	0.76570	0.62042	0.09046	0.09046	2.57927	2.57927
0.125	7.563	0.150	1.53200	1.56676	0.10720	0.10720	0.10515	0.10515
0.125	12.604	0.250	1.28800	1.32981	0.08484	0.08484	0.24284	0.24284
0.125	17.646	0.350	1.25200	1.10874	0.09866	0.09866	2.10838	2.10838
0.125	22.688	0.450	0.90930	0.91410	0.07866	0.07866	0.00372	0.00372
0.125	27.730	0.550	0.74730	0.74898	0.06708	0.06708	0.00062	0.00062
0.125	32.771	0.650	0.68250	0.61445	0.08657	0.08657	0.61792	0.61792
0.125	37.813	0.750	0.44230	0.51096	0.05438	0.05438	1.59402	1.59402
0.125	42.855	0.850	0.40940	0.43865	0.08082	0.08082	0.13096	0.13096
0.175	5.294	0.075	1.61000	1.60395	0.17190	0.17190	0.00124	0.00124
0.175	10.588	0.150	1.36900	1.39983	0.11490	0.11490	0.07198	0.07198
0.175	17.646	0.250	1.20000	1.14441	0.08565	0.08565	0.42126	0.42126
0.175	24.705	0.350	0.91910	0.92165	0.07512	0.07512	0.00115	0.00115
0.175	31.763	0.450	0.69260	0.73191	0.06825	0.06825	0.33178	0.33178
0.175	38.821	0.550	0.67210	0.57435	0.08209	0.08209	1.41797	1.41797
0.175	45.880	0.650	0.32810	0.44813	0.04852	0.04852	6.11984	6.11984
0.175	52.938	0.750	0.39850	0.35254	0.05336	0.05336	0.74171	0.74171
0.175	59.997	0.850	0.27610	0.28698	0.05939	0.05939	0.03354	0.03354
0.225	6.806	0.075	1.59100	1.42537	0.17680	0.17680	0.87767	0.87767
0.225	13.613	0.150	1.08400	1.20594	0.09383	0.09383	1.68882	1.68882
0.225	22.688	0.250	0.90130	0.95771	0.07972	0.07972	0.50072	0.50072
0.225	31.763	0.350	0.63960	0.75025	0.08141	0.08141	1.84743	1.84743
0.225	40.838	0.450	0.51650	0.57732	0.05926	0.05926	1.05323	1.05323
0.225	49.913	0.550	0.46890	0.43586	0.06702	0.06702	0.24297	0.24297
0.225	58.988	0.650	0.32710	0.32391	0.05578	0.05578	0.00328	0.00328
0.225	68.064	0.750	0.24620	0.24007	0.05438	0.05438	0.01270	0.01270
0.225	77.139	0.850	0.18400	0.18334	0.07392	0.07392	0.00008	0.00008
0.275	8.319	0.075	1.09700	1.22439	0.12540	0.12540	1.03200	1.03200
0.275	16.638	0.150	0.93760	1.00956	0.07645	0.07645	0.88590	0.88590
0.275	27.730	0.250	0.66210	0.78322	0.08294	0.08294	2.13274	2.13274
0.275	38.821	0.350	0.56860	0.59980	0.06138	0.06138	0.25844	0.25844
0.275	49.913	0.450	0.32180	0.44959	0.04218	0.04218	9.17905	9.17905
0.275	61.005	0.550	0.34160	0.32818	0.05080	0.05080	0.06981	0.06981
0.275	72.097	0.650	0.23400	0.23301	0.04835	0.04835	0.00042	0.00042
0.275	83.189	0.750	0.19040	0.16241	0.05136	0.05136	0.29702	0.29702
0.350	10.588	0.075	0.93760	0.92160	0.09285	0.09285	0.02971	0.02971
0.350	21.175	0.150	0.66440	0.73518	0.05285	0.05285	1.79360	1.79360
0.350	35.292	0.250	0.56330	0.55437	0.04407	0.04407	0.04108	0.04108
0.350	49.409	0.350	0.38410	0.41329	0.04051	0.04051	0.51931	0.51931
0.350	63.526	0.450	0.29980	0.30028	0.03495	0.03495	0.00019	0.00019
0.350	77.643	0.550	0.22480	0.21033	0.02891	0.02891	0.25052	0.25052
0.350	91.760	0.650	0.15450	0.14069	0.03189	0.03189	0.18756	0.18756
0.350	105.877	0.750	0.05436	0.08961	0.01771	0.01771	3.96266	3.96266
0.350	119.994	0.850	0.02558	0.05588	0.02707	0.02707	1.25305	1.25305
0.450	13.613	0.075	0.56220	0.56748	0.06897	0.06897	0.00586	0.00586
0.450	27.225	0.150	0.48200	0.43519	0.04700	0.04700	0.99212	0.99212
0.450	45.376	0.250	0.28250	0.31800	0.03491	0.03491	1.03413	1.03413
0.450	63.526	0.350	0.19700	0.23076	0.02587	0.02587	1.70337	1.70337
0.450	81.676	0.450	0.15240	0.16272	0.03012	0.03012	0.11729	0.11729
0.450	99.827	0.550	0.09432	0.10954	0.02301	0.02301	0.43759	0.43759
0.450	117.977	0.650	0.07157	0.06897	0.02009	0.02009	0.01669	0.01669
0.450	136.127	0.750	0.02427	0.03962	0.01617	0.01617	0.90083	0.90083
0.550	16.638	0.075	0.24970	0.30410	0.04065	0.04065	1.79121	1.79121
0.550	33.276	0.150	0.18420	0.22384	0.02458	0.02458	2.60127	2.60127
0.550	55.459	0.250	0.15820	0.15894	0.02401	0.02401	0.00095	0.00095
0.550	77.643	0.350	0.12420	0.11289	0.02558	0.02558	0.19557	0.19557
0.550	99.827	0.450	0.07389	0.07792	0.02298	0.02298	0.03071	0.03071
0.550	122.010	0.550	0.05569	0.05109	0.01694	0.01694	0.07382	0.07382
0.550	144.194	0.650	0.02725	0.03091	0.01368	0.01368	0.07150	0.07150
0.550	166.378	0.750	0.02005	0.01648	0.01648	0.01648	0.04681	0.04681
0.650	39.326	0.150	0.06367	0.09553	0.01352	0.01352	5.55263	5.55263
0.650	65.543	0.250	0.06145	0.06576	0.01279	0.01279	0.11341	0.11341
0.650	91.760	0.350	0.03659	0.04577	0.01526	0.01526	0.36181	0.36181
0.650	117.977	0.450	0.03883	0.03105	0.01839	0.01839	0.17913	0.17913
0.650	144.194	0.550	0.07613	0.01998	0.05118	0.05118	1.20369	1.20369
0.650	170.411	0.650	0.00932	0.01178	0.01055	0.01055	0.05424	0.05424
0.015	4.496	0.650	1.42200	0.95262	0.13530	0.13530	12.03516	12.03516
0.015	5.188	0.750	1.08400	0.86775	0.11660	0.11660	3.43959	3.43959
0.015	5.880	0.850	1.18700	0.79638	0.12280	0.12280	10.11863	10.11863
0.015	6.468	0.935	1.17800	0.74870	0.30280	0.30280	2.01011	2.01011
0.045	5.171	0.250	1.68900	1.50744	0.14330	0.14330	1.60520	1.60520
0.045	7.239	0.350	1.69100	1.36183	0.16270	0.16270	4.09334	4.09334
0.045	9.307	0.450	1.26400	1.21295	0.12570	0.12570	0.16492	0.16492
0.045	11.376	0.550	1.31200	1.07477	0.12950	0.12950	3.35596	3.35596
0.045	13.444	0.650	1.18600	0.95435	0.14040	0.14040	2.72233	2.72233
0.045	15.512	0.750	0.85070	0.85588	0.09772	0.09772	0.00282	0.00282
0.045	17.580	0.850	0.86420	0.78204	0.12120	0.12120	0.45949	0.45949
0.045	19.339	0.935	0.72690	0.74002	0.23730	0.23730	0.00306	0.00306
0.080	5.515	0.150	1.62500	1.66501	0.13420	0.13420	0.08887	0.08887
0.080	9.192	0.250	1.43900	1.47714	0.11610	0.11610	0.10794	0.10794
0.080	12.869	0.350	1.48000	1.28060	0.12280	0.12280	2.63656	2.63656
0.080	16.546	0.450	1.17500	1.09859	0.13430	0.13430	0.32366	0.32366
0.080	20.223	0.550	1.09200	0.93910	0.11560	0.11560	1.74947	1.74947
0.080	23.900	0.650	0.82190	0.80600	0.09692	0.09692	0.02693	0.02693
0.080	27.577	0.750	0.58830	0.70185	0.07667	0.07667	2.19353	2.19353
0.080	31.254	0.850	0.69630	0.62614	0.11070	0.11070	0.40165	0.40165
0.080	34.380	0.935	0.94510	0.58613	0.27960	0.27960	1.64829	1.64829
0.125	4.309	0.075	2.13300	1.73696	0.20230	0.20230	3.83247	3.83247
0.125	8.618	0.150	1.35400	1.57397	0.10620	0.10620	4.29027	4.29027
0.125	14.363	0.250	1.21400	1.33378	0.09929	0.09929	1.45524	1.45524
0.125	20.108	0.350	1.17100	1.11109	0.09768	0.09768	0.37618	0.37618
0.125	25.854	0.450	1.08500	0.91563	0.10320	0.10320	2.69350	2.69350
0.125	31.599	0.550	0.57770	0.75004	0.07827	0.07827	4.84835	4.84835
0.125	37.344	0.650	0.64230	0.61530	0.07340	0.07340	0.13536	0.13536
0.125	43.089	0.750	0.60820	0.51173	0.08275	0.08275	1.35911	1.35911
0.125	48.835	0.850	0.36780	0.43942	0.06470	0.06470	1.22521	1.22521
0.125	53.718	0.935	0.47220	0.40248	0.23200	0.23200	0.09030	0.09030
0.175	6.033	0.075	1.86300	1.60643	0.22600	0.22600	1.28882	1.28882
0.175	12.065	0.150	1.34200	1.39885	0.15660	0.15660	0.13179	0.13179
0.175	20.108	0.250	1.03300	1.14211	0.11350	0.11350	0.92422	0.92422
0.175	28.152	0.350	1.13100	0.91918	0.11010	0.11010	3.70120	3.70120
0.175	36.195	0.450	0.68590	0.72961	0.07766	0.07766	0.31682	0.31682
0.175	44.238	0.550	0.44910	0.57238	0.06313	0.06313	3.81315	3.81315
0.175	52.282	0.650	0.41510	0.44653	0.06191	0.06191	0.25779	0.25779
0.175	60.325	0.750	0.39570	0.35130	0.06925	0.06925	0.41113	0.41113
0.175	68.368	0.850	0.33960	0.28601	0.08899	0.08899	0.36271	0.36271
0.175	75.205	0.935	0.08917	0.25364	0.09339	0.09339	3.10142	3.10142
0.225	7.756	0.075	1.49100	1.42112	0.18180	0.18180	0.14776	0.14776
0.225	15.512	0.150	1.10400	1.20023	0.10890	0.10890	0.78082	0.78082
0.225	25.854	0.250	0.89660	0.95232	0.10230	0.10230	0.29666	0.29666
0.225	36.195	0.350	0.83340	0.74553	0.08858	0.08858	0.98408	0.98408
0.225	46.537	0.450	0.60670	0.57345	0.07166	0.07166	0.21531	0.21531
0.225	56.878	0.550	0.45350	0.43281	0.06876	0.06876	0.09051	0.09051
0.225	67.219	0.650	0.28220	0.32159	0.06521	0.06521	0.36480	0.36480
0.225	77.561	0.750	0.19540	0.23835	0.04360	0.04360	0.97049	0.97049
0.225	87.902	0.850	0.10860	0.18205	0.03909	0.03909	3.53073	3.53073
0.275	9.480	0.075	1.07000	1.21601	0.14250	0.14250	1.04994	1.04994
0.275	18.959	0.150	0.73140	1.00137	0.09152	0.09152	8.70184	8.70184
0.275	31.599	0.250	0.64020	0.77638	0.07338	0.07338	3.44421	3.44421
0.275	44.238	0.350	0.62150	0.59425	0.08572	0.08572	0.10109	0.10109
0.275	56.878	0.450	0.41750	0.44525	0.07030	0.07030	0.15580	0.15580
0.275	69.518	0.550	0.34010	0.32491	0.05900	0.05900	0.06627	0.06627
0.275	82.157	0.650	0.28140	0.23065	0.06524	0.06524	0.60511	0.60511
0.275	94.797	0.750	0.11590	0.16076	0.04387	0.04387	1.04541	1.04541
0.275	107.436	0.850	0.04650	0.11399	0.03492	0.03492	3.73522	3.73522
0.350	12.065	0.075	0.86700	0.91043	0.10470	0.10470	0.17207	0.17207
0.350	24.130	0.150	0.69290	0.72608	0.06093	0.06093	0.29649	0.29649
0.350	40.217	0.250	0.50670	0.54723	0.04623	0.04623	0.76862	0.76862
0.350	56.303	0.350	0.39240	0.40781	0.04732	0.04732	0.10608	0.10608
0.350	72.390	0.450	0.29640	0.29620	0.03788	0.03788	0.00003	0.00003
0.350	88.477	0.550	0.11470	0.20742	0.02825	0.02825	10.77133	10.77133
0.350	104.564	0.650	0.12260	0.13872	0.02647	0.02647	0.37090	0.37090
0.350	120.650	0.750	0.05066	0.08837	0.01981	0.01981	3.62360	3.62360
0.350	136.737	0.850	0.03010	0.05513	0.03237	0.03237	0.59803	0.59803
0.450	15.512	0.075	0.54500	0.55662	0.08754	0.08754	0.01763	0.01763
0.450	31.024	0.150	0.37210	0.42729	0.04310	0.04310	1.63992	1.63992
0.450	51.707	0.250	0.25780	0.31225	0.03667	0.03667	2.20450	2.20450
0.450	72.390	0.350	0.21220	0.22655	0.03530	0.03530	0.16522	0.16522
0.450	93.073	0.450	0.15760	0.15970	0.03392	0.03392	0.00385	0.00385
0.450	113.756	0.550	0.10270	0.10749	0.02684	0.02684	0.03185	0.03185
0.450	134.439	0.650	0.06762	0.06768	0.02187	0.02187	0.00001	0.00001
0.450	155.122	0.750	0.05476	0.03888	0.02877	0.02877	0.30458	0.30458
0.550	18.959	0.075	0.26030	0.29586	0.04552	0.04552	0.61018	0.61018
0.550	37.919	0.150	0.24620	0.21839	0.03560	0.03560	0.61009	0.61009
0.550	63.198	0.250	0.18900	0.15520	0.03046	0.03046	1.23153	1.23153
0.550	88.477	0.350	0.11110	0.11024	0.02963	0.02963	0.00084	0.00084
0.550	113.756	0.450	0.10530	0.07608	0.02667	0.02667	1.20006	1.20006
0.550	139.035	0.550	0.07334	0.04988	0.02870	0.02870	0.66834	0.66834
0.550	164.314	0.650	0.02722	0.03017	0.01746	0.01746	0.02863	0.02863
0.550	189.593	0.750	0.02944	0.01610	0.03821	0.03821	0.12190	0.12190
0.650	22.406	0.075	0.11780	0.13141	0.02905	0.02905	0.21950	0.21950
0.650	44.813	0.150	0.06427	0.09248	0.01555	0.01555	3.29141	3.29141
0.650	74.688	0.250	0.03931	0.06379	0.01141	0.01141	4.60296	4.60296
0.650	104.564	0.350	0.03906	0.04443	0.01373	0.01373	0.15288	0.15288
0.650	134.439	0.450	0.04311	0.03014	0.01804	0.01804	0.51677	0.51677
0.650	164.314	0.550	0.02335	0.01940	0.02220	0.02220	0.03173	0.03173
0.650	224.065	0.750	0.02135	0.00582	0.03471	0.03471	0.20011	0.20011
0.015	4.270	0.550	1.26000	1.07803	0.19860	0.19860	0.83954	0.83954
0.015	5.047	0.650	1.47600	0.98239	0.19180	0.19180	6.62311	6.62311
0.015	5.823	0.750	1.59300	0.89639	0.22310	0.22310	9.74955	9.74955
0.015	6.600	0.850	1.15500	0.82437	0.17240	0.17240	3.67788	3.67788
0.015	7.260	0.935	1.32600	0.77674	0.33270	0.33270	2.72550	2.72550
0.045	5.804	0.250	1.86800	1.53209	0.24530	0.24530	1.87525	1.87525
0.045	8.125	0.350	1.56700	1.38296	0.19310	0.19310	0.90837	0.90837
0.045	10.447	0.450	1.40000	1.23139	0.18590	0.18590	0.82263	0.82263
0.045	12.769	0.550	1.16400	1.09113	0.17240	0.17240	0.17865	0.17865
0.045	15.090	0.650	1.30600	0.96921	0.19550	0.19550	2.96778	2.96778
0.045	17.412	0.750	1.08500	0.86970	0.16140	0.16140	1.77938	1.77938
0.045	19.733	0.850	1.32700	0.79524	0.19650	0.19650	7.32333	7.32333
0.045	21.706	0.935	0.83170	0.75298	0.27850	0.27850	0.07990	0.07990
0.080	6.191	0.150	1.78300	1.68162	0.20930	0.20930	0.23463	0.23463
0.080	10.318	0.250	1.59000	1.48906	0.16810	0.16810	0.36056	0.36056
0.080	14.445	0.350	1.18000	1.29005	0.17870	0.17870	0.37923	0.37923
0.080	18.572	0.450	1.33000	1.10621	0.16550	0.16550	1.82844	1.82844
0.080	22.700	0.550	1.15400	0.94549	0.15530	0.15530	1.80271	1.80271
0.080	26.827	0.650	1.02800	0.81152	0.16820	0.16820	1.65648	1.65648
0.080	30.954	0.750	0.84790	0.70624	0.14130	0.14130	1.00514	1.00514
0.080	35.081	0.850	0.64350	0.63079	0.14060	0.14060	0.00818	0.00818
0.080	38.589	0.935	0.60700	0.59065	0.26070	0.26070	0.00394	0.00394
0.125	4.837	0.075	1.75800	1.74752	0.29530	0.29530	0.00126	0.00126
0.125	9.673	0.150	1.60800	1.57968	0.18900	0.18900	0.02246	0.02246
0.125	16.122	0.250	1.28400	1.33674	0.17300	0.17300	0.09292	0.09292
0.125	22.571	0.350	1.26000	1.11273	0.14570	0.14570	1.02166	1.02166
0.125	29.019	0.450	0.92390	0.91656	0.12780	0.12780	0.00330	0.00330
0.125	35.468	0.550	0.84380	0.75061	0.11320	0.11320	0.67776	0.67776
0.125	41.917	0.650	0.71500	0.61571	0.11490	0.11490	0.74681	0.74681
0.125	48.366	0.750	0.86690	0.51210	0.15430	0.15430	5.28734	5.28734
0.125	54.814	0.850	0.42320	0.43980	0.09499	0.09499	0.03054	0.03054
0.125	60.296	0.935	0.71580	0.40290	0.35020	0.35020	0.79834	0.79834
0.175	6.771	0.075	0.96320	1.60792	0.18810	0.18810	11.74812	11.74812
0.175	13.542	0.150	1.13200	1.39746	0.13890	0.13890	3.65241	3.65241
0.175	22.571	0.250	1.08900	1.13976	0.13890	0.13890	0.13356	0.13356
0.175	31.599	0.350	0.80510	0.91668	0.12940	0.12940	0.74348	0.74348
0.175	40.627	0.450	0.70300	0.72729	0.12770	0.12770	0.03618	0.03618
0.175	49.655	0.550	0.44800	0.57038	0.09219	0.09219	1.76215	1.76215
0.175	58.684	0.650	0.50590	0.44490	0.11430	0.11430	0.28484	0.28484
0.175	67.712	0.750	0.49050	0.34999	0.10440	0.10440	1.81128	1.81128
0.175	76.740	0.850	0.18820	0.28498	0.09710	0.09710	0.99332	0.99332
0.175	84.414	0.935	0.12320	0.25273	0.13130	0.13130	0.97321	0.97321
0.225	8.706	0.075	1.08700	1.41687	0.22520	0.22520	2.14555	2.14555
0.225	17.412	0.150	0.95580	1.19488	0.12520	0.12520	3.64645	3.64645
0.225	29.019	0.250	0.73670	0.94729	0.11820	0.11820	3.17439	3.17439
0.225	40.627	0.350	0.82820	0.74116	0.12320	0.12320	0.49918	0.49918
0.225	52.235	0.450	0.72370	0.56984	0.12430	0.12430	1.53221	1.53221
0.225	63.843	0.550	0.31580	0.42995	0.08447	0.08447	1.82618	1.82618
0.225	75.450	0.650	0.25250	0.31939	0.05909	0.05909	1.28140	1.28140
0.225	87.058	0.750	0.20640	0.23670	0.06321	0.06321	0.22983	0.22983
0.225	98.666	0.850	0.22390	0.18080	0.13500	0.13500	0.10193	0.10193
0.275	10.640	0.075	1.27800	1.20836	0.21980	0.21980	0.10038	0.10038
0.275	21.281	0.150	1.17100	0.99404	0.15510	0.15510	1.30168	1.30168
0.275	35.468	0.250	0.77220	0.77019	0.12010	0.12010	0.00028	0.00028
0.275	49.655	0.350	0.73960	0.58920	0.12030	0.12030	1.56301	1.56301
0.275	63.843	0.450	0.55170	0.44129	0.10110	0.10110	1.19272	1.19272
0.275	78.030	0.550	0.36580	0.32192	0.07833	0.07833	0.31388	0.31388
0.275	92.217	0.650	0.25620	0.22847	0.08494	0.08494	0.10657	0.10657
0.275	106.404	0.750	0.15710	0.15922	0.05982	0.05982	0.00126	0.00126
0.275	120.592	0.850	0.27950	0.11291	0.17680	0.17680	0.88783	0.88783
0.350	13.542	0.075	0.73730	0.90055	0.11150	0.11150	2.14369	2.14369
0.350	27.085	0.150	0.71430	0.71801	0.08704	0.08704	0.00182	0.00182
0.350	45.141	0.250	0.56440	0.54089	0.07003	0.07003	0.11270	0.11270
0.350	63.198	0.350	0.34220	0.40292	0.05681	0.05681	1.14250	1.14250
0.350	81.254	0.450	0.32760	0.29254	0.05632	0.05632	0.38752	0.38752
0.350	99.311	0.550	0.29180	0.20479	0.06049	0.06049	2.06922	2.06922
0.350	117.367	0.650	0.17750	0.13693	0.04342	0.04342	0.87295	0.87295
0.350	135.424	0.750	0.06273	0.08723	0.02987	0.02987	0.67263	0.67263
0.350	153.480	0.850	0.13360	0.05443	0.09588	0.09588	0.68174	0.68174
0.450	17.412	0.075	0.45710	0.54725	0.08138	0.08138	1.22713	1.22713
0.450	34.823	0.150	0.39710	0.42043	0.05689	0.05689	0.16814	0.16814
0.450	58.039	0.250	0.29540	0.30721	0.05548	0.05548	0.04532	0.04532
0.450	81.254	0.350	0.17780	0.22284	0.03701	0.03701	1.48091	1.48091
0.450	104.470	0.450	0.16140	0.15704	0.05601	0.05601	0.00606	0.00606
0.450	127.685	0.550	0.13810	0.10566	0.03848	0.03848	0.71056	0.71056
0.450	150.901	0.650	0.07773	0.06651	0.03830	0.03830	0.08578	0.08578
0.450	174.116	0.750	0.03932	0.03822	0.04283	0.04283	0.00066	0.00066
0.550	21.281	0.075	0.28380	0.28895	0.06195	0.06195	0.00691	0.00691
0.550	42.562	0.150	0.17190	0.21372	0.03895	0.03895	1.15297	1.15297
0.550	70.936	0.250	0.15170	0.15196	0.03487	0.03487	0.00006	0.00006
0.550	99.311	0.350	0.09814	0.10794	0.02471	0.02471	0.15734	0.15734
0.550	127.685	0.450	0.05500	0.07448	0.03328	0.03328	0.34254	0.34254
0.550	156.060	0.550	0.06091	0.04881	0.02983	0.02983	0.16453	0.16453
0.550	184.434	0.650	0.03341	0.02952	0.03752	0.03752	0.01073	0.01073
0.650	25.150	0.075	0.05203	0.12726	0.02151	0.02151	12.23271	12.23271
0.650	50.300	0.150	0.05331	0.08991	0.02056	0.02056	3.16924	3.16924
0.650	83.834	0.250	0.02963	0.06211	0.01376	0.01376	5.57213	5.57213
0.650	117.367	0.350	0.05932	0.04327	0.02164	0.02164	0.54976	0.54976
0.650	150.901	0.450	0.02140	0.02936	0.01326	0.01326	0.36011	0.36011
0.650	217.968	0.650	0.05828	0.01113	0.05753	0.05753	0.67156	0.67156
0.015	4.736	0.550	1.13400	1.10652	0.20250	0.20250	0.01841	0.01841
0.015	5.597	0.650	1.28600	1.00938	0.21790	0.21790	1.61161	1.61161
0.015	6.458	0.750	1.00700	0.92229	0.20500	0.20500	0.17074	0.17074
0.015	7.320	0.850	1.14300	0.84984	0.21780	0.21780	1.81178	1.81178
0.015	8.052	0.935	1.97700	0.80173	0.68800	0.68800	2.91811	2.91811
0.045	6.437	0.250	1.38200	1.55381	0.31260	0.31260	0.30209	0.30209
0.045	9.012	0.350	1.29700	1.40152	0.25610	0.25610	0.16655	0.16655
0.045	11.587	0.450	1.03400	1.24751	0.20630	0.20630	1.07114	1.07114
0.045	14.161	0.550	1.05400	1.10540	0.20400	0.20400	0.06349	0.06349
0.045	16.736	0.650	1.13700	0.98212	0.24450	0.24450	0.40126	0.40126
0.045	19.311	0.750	0.85960	0.88168	0.18400	0.18400	0.01440	0.01440
0.045	21.886	0.850	0.74980	0.80666	0.20530	0.20530	0.07672	0.07672
0.045	24.074	0.935	0.79910	0.76417	0.27140	0.27140	0.01656	0.01656
0.080	6.866	0.150	1.83100	1.69593	0.23800	0.23800	0.32207	0.32207
0.080	11.444	0.250	1.49600	1.49949	0.23180	0.23180	0.00023	0.00023
0.080	16.021	0.350	1.30100	1.29805	0.25590	0.25590	0.00013	0.00013
0.080	20.598	0.450	1.17000	1.11260	0.19380	0.19380	0.08773	0.08773
0.080	25.176	0.550	1.06800	0.95080	0.17660	0.17660	0.44043	0.44043
0.080	29.753	0.650	1.46800	0.81667	0.26930	0.26930	5.84972	5.84972
0.080	34.331	0.750	0.55900	0.71033	0.11760	0.11760	1.65582	1.65582
0.080	38.908	0.850	0.58460	0.63460	0.15050	0.15050	0.11037	0.11037
0.080	42.799	0.935	1.03300	0.59434	1.11500	1.11500	0.15477	0.15477
0.125	5.364	0.075	1.29400	1.75629	0.25860	0.25860	3.19578	3.19578
0.125	10.728	0.150	1.78300	1.58427	0.25240	0.25240	0.61994	0.61994
0.125	17.881	0.250	0.98760	1.33895	0.16320	0.16320	4.63489	4.63489
0.125	25.033	0.350	1.10200	1.11382	0.16170	0.16170	0.00535	0.00535
0.125	32.185	0.450	0.99780	0.91705	0.16160	0.16160	0.24967	0.24967
0.125	39.337	0.550	0.71860	0.75083	0.12900	0.12900	0.06241	0.06241
0.125	46.490	0.650	0.61890	0.61580	0.13550	0.13550	0.00052	0.00052
0.125	53.642	0.750	0.64360	0.51218	0.15880	0.15880	0.68487	0.68487
0.125	60.794	0.850	0.30170	0.43992	0.09595	0.09595	2.07510	2.07510
0.125	66.874	0.935	0.27910	0.40304	0.17250	0.17250	0.51623	0.51623
0.175	7.510	0.075	1.68000	1.60873	0.30890	0.30890	0.05324	0.05324
0.175	15.020	0.150	1.20500	1.39584	0.19610	0.19610	0.94709	0.94709
0.175	25.033	0.250	0.82980	1.13736	0.14120	0.14120	4.74444	4.74444
0.175	35.046	0.350	0.82560	0.91416	0.15540	0.15540	0.32480	0.32480
0.175	45.059	0.450	0.81910	0.72498	0.15580	0.15580	0.36496	0.36496
0.175	55.072	0.550	0.41130	0.56839	0.10870	0.10870	2.08846	2.08846
0.175	65.085	0.650	0.29600	0.44326	0.09279	0.09279	2.51848	2.51848
0.175	75.099	0.750	0.36870	0.34868	0.11000	0.11000	0.03313	0.03313
0.175	85.112	0.850	0.20870	0.28389	0.10110	0.10110	0.55319	0.55319
0.175	93.623	0.935	0.22730	0.25178	0.24460	0.24460	0.01001	0.01001
0.225	9.656	0.075	0.82610	1.41271	0.21180	0.21180	7.67079	7.67079
0.225	19.311	0.150	1.39700	1.18984	0.23170	0.23170	0.79938	0.79938
0.225	32.185	0.250	0.95800	0.94262	0.19320	0.19320	0.00634	0.00634
0.225	45.059	0.350	0.62500	0.73707	0.11970	0.11970	0.87651	0.87651
0.225	57.933	0.450	0.50260	0.56645	0.15920	0.15920	0.16086	0.16086
0.225	70.807	0.550	0.41930	0.42725	0.10760	0.10760	0.00546	0.00546
0.225	83.681	0.650	0.36310	0.31730	0.12550	0.12550	0.13316	0.13316
0.225	96.555	0.750	0.29540	0.23512	0.09465	0.09465	0.40556	0.40556
0.225	109.429	0.850	0.06724	0.17958	0.03937	0.03937	8.14280	8.14280
0.275	11.801	0.075	0.93280	1.20125	0.22710	0.22710	1.39736	1.39736
0.275	23.602	0.150	0.96740	0.98742	0.18680	0.18680	0.01149	0.01149
0.275	39.337	0.250	0.87650	0.76452	0.17730	0.17730	0.39889	0.39889
0.275	55.072	0.350	0.56290	0.58457	0.16580	0.16580	0.01709	0.01709
0.275	70.807	0.450	0.20570	0.43764	0.07964	0.07964	8.48168	8.48168
0.275	86.542	0.550	0.38850	0.31914	0.11270	0.11270	0.37875	0.37875
0.275	102.277	0.650	0.22500	0.22644	0.07396	0.07396	0.00038	0.00038
0.275	118.012	0.750	0.18190	0.15778	0.08289	0.08289	0.08466	0.08466
0.275	133.747	0.850	0.12580	0.11189	0.14530	0.14530	0.00917	0.00917
0.350	15.020	0.075	0.75130	0.89170	0.15390	0.15390	0.83226	0.83226
0.350	30.039	0.150	0.78370	0.71077	0.11180	0.11180	0.42548	0.42548
0.350	50.066	0.250	0.40950	0.53518	0.08172	0.08172	2.36539	2.36539
0.350	70.092	0.350	0.35450	0.39850	0.07797	0.07797	0.31850	0.31850
0.350	90.118	0.450	0.18800	0.28921	0.04362	0.04362	5.38414	5.38414
0.350	110.145	0.550	0.23950	0.20239	0.06732	0.06732	0.30395	0.30395
0.350	130.171	0.650	0.10680	0.13529	0.04187	0.04187	0.46293	0.46293
0.350	150.197	0.750	0.07846	0.08617	0.04416	0.04416	0.03048	0.03048
0.350	170.224	0.850	0.10840	0.05378	0.08175	0.08175	0.44640	0.44640
0.450	19.311	0.075	0.61610	0.53903	0.13780	0.13780	0.31284	0.31284
0.450	38.622	0.150	0.45690	0.41436	0.09297	0.09297	0.20938	0.20938
0.450	64.370	0.250	0.27590	0.30273	0.06225	0.06225	0.18582	0.18582
0.450	90.118	0.350	0.18660	0.21952	0.04791	0.04791	0.47220	0.47220
0.450	115.866	0.450	0.11980	0.15464	0.04138	0.04138	0.70902	0.70902
0.450	141.614	0.550	0.12490	0.10401	0.06549	0.06549	0.10172	0.10172
0.450	167.363	0.650	0.07744	0.06546	0.06067	0.06067	0.03902	0.03902
0.450	193.111	0.750	0.06678	0.03761	0.04330	0.04330	0.45394	0.45394
0.550	23.602	0.075	0.12460	0.28306	0.05906	0.05906	7.19852	7.19852
0.550	47.205	0.150	0.20510	0.20965	0.05016	0.05016	0.00822	0.00822
0.550	78.675	0.250	0.15050	0.14911	0.04284	0.04284	0.00105	0.00105
0.550	110.145	0.350	0.14760	0.10590	0.05488	0.05488	0.57727	0.57727
0.550	141.614	0.450	0.05553	0.07305	0.02459	0.02459	0.50747	0.50747
0.550	173.084	0.550	0.06763	0.04785	0.07215	0.07215	0.07512	0.07512
0.550	204.554	0.650	0.05375	0.02894	0.04682	0.04682	0.28089	0.28089
0.650	27.894	0.075	0.05948	0.12374	0.04327	0.04327	2.20525	2.20525
0.650	55.788	0.150	0.05214	0.08770	0.02193	0.02193	2.62924	2.62924
0.650	92.979	0.250	0.07763	0.06065	0.03812	0.03812	0.19841	0.19841
0.650	130.171	0.350	0.06486	0.04226	0.03419	0.03419	0.43681	0.43681
0.650	167.363	0.450	0.02490	0.02866	0.01687	0.01687	0.04981	0.04981
0.650	204.554	0.550	0.03728	0.01844	0.03606	0.03606	0.27311	0.27311
0.015	4.320	0.450	1.77700	1.23953	0.37180	0.37180	2.08974	2.08974
0.015	5.280	0.550	1.68900	1.13670	0.35540	0.35540	2.41500	2.41500
0.015	6.240	0.650	1.57700	1.03792	0.33310	0.33310	2.61914	2.61914
0.015	7.200	0.750	1.15800	0.94982	0.31690	0.31690	0.43155	0.43155
0.015	8.160	0.850	1.13400	0.87634	0.23840	0.23840	1.16814	1.16814
0.015	8.976	0.935	1.75400	0.82821	0.53510	0.53510	2.99334	2.99334
0.045	4.305	0.150	1.59800	1.69699	0.30840	0.30840	0.10304	0.10304
0.045	7.176	0.250	1.83100	1.57622	0.34950	0.34950	0.53142	0.53142
0.045	10.046	0.350	0.98490	1.42057	0.29950	0.29950	2.11607	2.11607
0.045	12.916	0.450	1.95100	1.26399	0.41330	0.41330	2.76312	2.76312
0.045	15.787	0.550	1.66700	1.11994	0.37190	0.37190	2.16379	2.16379
0.045	18.657	0.650	1.30700	0.99524	0.31710	0.31710	0.96661	0.96661
0.045	21.527	0.750	0.82900	0.89384	0.24060	0.24060	0.07263	0.07263
0.045	24.397	0.850	1.02100	0.81823	0.30230	0.30230	0.44993	0.44993
0.045	26.837	0.935	1.34800	0.77548	0.66430	0.66430	0.74276	0.74276
0.080	7.654	0.150	1.97800	1.71037	0.32950	0.32950	0.65973	0.65973
0.080	12.757	0.250	1.74200	1.50991	0.31890	0.31890	0.52966	0.52966
0.080	17.860	0.350	1.10000	1.30598	0.22930	0.22930	0.80693	0.80693
0.080	22.962	0.450	1.16600	1.11888	0.24400	0.24400	0.03729	0.03729
0.080	28.065	0.550	1.15000	0.95661	0.27330	0.27330	0.50071	0.50071
0.080	33.168	0.650	0.99820	0.82049	0.29730	0.29730	0.35731	0.35731
0.080	38.270	0.750	0.97720	0.71425	0.23890	0.23890	1.21150	1.21150
0.080	43.373	0.850	0.57920	0.63824	0.17230	0.17230	0.11741	0.11741
0.080	47.710	0.935	1.37000	0.59788	0.66420	0.66420	1.35137	1.35137
0.125	5.980	0.075	1.42200	1.76483	0.32000	0.32000	1.14775	1.14775
0.125	11.960	0.150	1.27900	1.58856	0.21780	0.21780	2.02013	2.02013
0.125	19.933	0.250	1.33800	1.34091	0.23870	0.23870	0.00015	0.00015
0.125	27.905	0.350	1.04900	1.11459	0.21910	0.21910	0.08960	0.08960
0.125	35.879	0.450	0.83230	0.91723	0.17760	0.17760	0.22871	0.22871
0.125	43.852	0.550	0.52200	0.75073	0.14500	0.14500	2.48831	2.48831
0.125	51.825	0.650	0.98330	0.61565	0.29810	0.29810	1.52107	1.52107
0.125	59.797	0.750	0.37680	0.51202	0.13910	0.13910	0.94501	0.94501
0.125	67.770	0.850	0.69920	0.43980	0.20180	0.20180	1.65228	1.65228
0.125	74.548	0.935	0.91860	0.40296	0.44550	0.44550	1.33967	1.33967
0.175	8.372	0.075	1.59700	1.60905	0.37640	0.37640	0.00103	0.00103
0.175	16.743	0.150	1.30200	1.39377	0.23090	0.23090	0.15796	0.15796
0.175	27.905	0.250	0.88200	1.13451	0.19340	0.19340	1.70463	1.70463
0.175	39.068	0.350	1.00100	0.91126	0.22150	0.22150	0.16413	0.16413
0.175	50.230	0.450	0.64410	0.72232	0.17990	0.17990	0.18906	0.18906
0.175	61.392	0.550	0.54840	0.56609	0.16920	0.16920	0.01094	0.01094
0.175	72.554	0.650	0.40530	0.44136	0.16820	0.16820	0.04595	0.04595
0.175	83.716	0.750	0.16340	0.34713	0.07419	0.07419	6.13273	6.13273
0.175	94.879	0.850	0.28770	0.28262	0.13020	0.13020	0.00153	0.00153
0.225	10.764	0.075	0.58850	1.40801	0.23060	0.23060	12.62952	12.62952
0.225	21.527	0.150	1.26400	1.18438	0.22880	0.22880	0.12109	0.12109
0.225	35.879	0.250	0.84380	0.93746	0.22420	0.22420	0.17451	0.17451
0.225	50.230	0.350	0.51160	0.73260	0.13030	0.13030	2.87669	2.87669
0.225	64.581	0.450	0.45730	0.56274	0.14490	0.14490	0.52951	0.52951
0.225	78.933	0.550	0.18620	0.42428	0.08801	0.08801	7.31752	7.31752
0.225	93.284	0.650	0.25080	0.31499	0.12070	0.12070	0.28286	0.28286
0.225	107.635	0.750	0.27490	0.23336	0.13520	0.13520	0.09440	0.09440
0.225	121.987	0.850	0.34140	0.17822	0.22090	0.22090	0.54571	0.54571
0.275	4.473	0.025	0.92830	1.38659	0.50550	0.50550	0.82192	0.82192
0.275	13.155	0.075	1.68100	1.19364	0.50350	0.50350	0.93690	0.93690
0.275	26.311	0.150	0.77820	0.98033	0.20320	0.20320	0.98953	0.98953
0.275	43.852	0.250	0.77150	0.75846	0.20750	0.20750	0.00395	0.00395
0.275	61.392	0.350	0.70180	0.57961	0.21670	0.21670	0.31795	0.31795
0.275	78.933	0.450	0.56780	0.43371	0.18090	0.18090	0.54945	0.54945
0.275	96.473	0.550	0.23250	0.31614	0.12390	0.12390	0.45569	0.45569
0.275	114.014	0.650	0.22550	0.22423	0.09860	0.09860	0.00017	0.00017
0.275	131.554	0.750	0.25490	0.15620	0.16090	0.16090	0.37627	0.37627
0.275	149.095	0.850	0.18200	0.11075	0.16740	0.16740	0.18115	0.18115
0.350	16.743	0.075	0.76760	0.88243	0.18200	0.18200	0.39806	0.39806
0.350	33.487	0.150	0.52670	0.70317	0.10150	0.10150	3.02281	3.02281
0.350	55.811	0.250	0.44240	0.52917	0.09365	0.09365	0.85843	0.85843
0.350	78.135	0.350	0.40210	0.39382	0.09750	0.09750	0.00721	0.00721
0.350	100.460	0.450	0.39540	0.28568	0.12680	0.12680	0.74879	0.74879
0.350	122.784	0.550	0.22090	0.19982	0.07231	0.07231	0.08501	0.08501
0.350	145.109	0.650	0.19180	0.13352	0.06769	0.06769	0.74130	0.74130
0.350	167.433	0.750	0.02509	0.08502	0.02879	0.02879	4.33348	4.33348
0.350	189.757	0.850	0.02346	0.05306	0.02516	0.02516	1.38446	1.38446
0.450	21.527	0.075	0.63670	0.53068	0.19520	0.19520	0.29500	0.29500
0.450	43.054	0.150	0.27550	0.40807	0.06792	0.06792	3.80986	3.80986
0.450	71.757	0.250	0.21220	0.29807	0.06077	0.06077	1.99663	1.99663
0.450	100.460	0.350	0.14550	0.21605	0.05444	0.05444	1.67930	1.67930
0.450	129.163	0.450	0.16290	0.15212	0.06582	0.06582	0.02682	0.02682
0.450	157.865	0.550	0.13920	0.10227	0.09664	0.09664	0.14607	0.14607
0.450	186.568	0.650	0.10720	0.06433	0.05710	0.05710	0.56372	0.56372
0.450	215.271	0.750	0.05483	0.03695	0.08126	0.08126	0.04840	0.04840
0.550	26.311	0.075	0.24370	0.27708	0.08593	0.08593	0.15086	0.15086
0.550	52.622	0.150	0.15230	0.20547	0.05339	0.05339	0.99190	0.99190
0.550	87.703	0.250	0.09707	0.14617	0.04648	0.04648	1.11610	1.11610
0.550	122.784	0.350	0.06218	0.10379	0.04399	0.04399	0.89452	0.89452
0.550	157.865	0.450	0.05980	0.07155	0.04038	0.04038	0.08471	0.08471
0.550	192.947	0.550	0.02259	0.04685	0.01986	0.01986	1.49232	1.49232
0.550	228.028	0.650	0.10350	0.02832	0.11160	0.11160	0.45386	0.45386
0.550	263.109	0.750	0.05688	0.01511	0.07021	0.07021	0.35398	0.35398
0.650	31.095	0.075	0.21630	0.12022	0.20890	0.20890	0.21155	0.21155
0.650	62.189	0.150	0.08931	0.08546	0.04525	0.04525	0.00723	0.00723
0.650	103.649	0.250	0.04485	0.05916	0.02298	0.02298	0.38767	0.38767
0.650	145.109	0.350	0.03509	0.04122	0.02655	0.02655	0.05334	0.05334
0.650	228.028	0.550	0.13360	0.01796	0.17520	0.17520	0.43563	0.43563
