ID            : 5945
TypeExp       : DISNEU
TypeTheo      : SIG
TypeCurrent   : CCWP
A1            : 56
A2            : 0
Z1            : 26
Z2            : 0
KinVar        : [X, Q2, Y ]

X	Q2	Y	data	theory	totError	totErrorUncor	chi2Naive	chi2Corr
0.125	4.514	0.550	1.56500	1.70120	0.12630	0.12630	1.16293	1.16293
0.175	4.022	0.350	1.65600	1.71234	0.09146	0.09146	0.37950	0.37950
0.175	5.171	0.450	1.61900	1.69129	0.11410	0.11410	0.40145	0.40145
0.175	6.320	0.550	1.57400	1.66902	0.14350	0.14350	0.43843	0.43843
0.225	5.171	0.350	1.43000	1.58590	0.08469	0.08469	3.38866	3.38866
0.225	6.648	0.450	1.39500	1.56135	0.10890	0.10890	2.33332	2.33332
0.225	8.125	0.550	1.33400	1.53804	0.13840	0.13840	2.17356	2.17356
0.275	6.320	0.350	1.31000	1.40497	0.10410	0.10410	0.83223	0.83223
0.275	8.125	0.450	1.31300	1.37816	0.11130	0.11130	0.34275	0.34275
0.350	8.043	0.350	1.04000	1.09405	0.07155	0.07155	0.57065	0.57065
0.350	10.341	0.450	0.99720	1.06609	0.08450	0.08450	0.66467	0.66467
0.450	10.341	0.350	0.69140	0.69659	0.07413	0.07413	0.00491	0.00491
0.080	4.390	0.650	1.58600	1.60339	0.12220	0.12220	0.02026	0.02026
0.125	4.749	0.450	1.66300	1.75113	0.06841	0.06841	1.65954	1.65954
0.125	5.804	0.550	1.79600	1.72698	0.08872	0.08872	0.60519	0.60519
0.125	6.859	0.650	1.57400	1.70336	0.13150	0.13150	0.96765	0.96765
0.175	5.171	0.350	1.64800	1.72448	0.06982	0.06982	1.19992	1.19992
0.175	6.648	0.450	1.64000	1.69951	0.07902	0.07902	0.56718	0.56718
0.175	8.125	0.550	1.72300	1.67454	0.10640	0.10640	0.20746	0.20746
0.175	9.603	0.650	1.47400	1.65151	0.12490	0.12490	2.01980	2.01980
0.225	4.749	0.250	1.60900	1.60973	0.07031	0.07031	0.00011	0.00011
0.225	6.648	0.350	1.58100	1.58204	0.07199	0.07199	0.00021	0.00021
0.225	8.548	0.450	1.59200	1.55459	0.08286	0.08286	0.20386	0.20386
0.225	10.447	0.550	1.45200	1.52937	0.11590	0.11590	0.44568	0.44568
0.275	5.804	0.250	1.45400	1.42291	0.07241	0.07241	0.18433	0.18433
0.275	8.125	0.350	1.31300	1.39025	0.06846	0.06846	1.27332	1.27332
0.275	10.447	0.450	1.40500	1.36158	0.10650	0.10650	0.16622	0.16622
0.275	12.769	0.550	1.29900	1.33675	0.10420	0.10420	0.13126	0.13126
0.350	7.387	0.250	1.15100	1.10669	0.05136	0.05136	0.74445	0.74445
0.350	10.341	0.350	1.12400	1.07071	0.04765	0.04765	1.25079	1.25079
0.350	13.296	0.450	1.01400	1.04226	0.06749	0.06749	0.17539	0.17539
0.350	16.251	0.550	1.03600	1.01887	0.08109	0.08109	0.04461	0.04461
0.450	9.497	0.250	0.70020	0.70563	0.05147	0.05147	0.01111	0.01111
0.450	13.296	0.350	0.54120	0.67177	0.04776	0.04776	7.47372	7.47372
0.450	17.095	0.450	0.62000	0.64720	0.05445	0.05445	0.24957	0.24957
0.550	16.251	0.350	0.34960	0.36488	0.04450	0.04450	0.11796	0.11796
0.550	20.894	0.450	0.33520	0.34687	0.04512	0.04512	0.06688	0.06688
0.080	4.540	0.550	1.71000	1.66448	0.08023	0.08023	0.32188	0.32188
0.080	5.365	0.650	1.65900	1.63760	0.09013	0.09013	0.05638	0.05638
0.125	4.514	0.350	1.70200	1.79554	0.05104	0.05104	3.35872	3.35872
0.125	5.804	0.450	1.82800	1.77117	0.06298	0.06298	0.81416	0.81416
0.125	7.094	0.550	1.71700	1.74447	0.06988	0.06988	0.15453	0.15453
0.125	8.383	0.650	1.78600	1.71895	0.09714	0.09714	0.47640	0.47640
0.175	4.514	0.250	1.70700	1.75561	0.05280	0.05280	0.84758	0.84758
0.175	6.320	0.350	1.75100	1.73114	0.05762	0.05762	0.11877	0.11877
0.175	8.125	0.450	1.60800	1.70338	0.06795	0.06795	1.97038	1.97038
0.175	9.931	0.550	1.61700	1.67648	0.07292	0.07292	0.66536	0.66536
0.175	11.737	0.650	1.47800	1.65206	0.10010	0.10010	3.02352	3.02352
0.225	5.804	0.250	1.50700	1.60776	0.05167	0.05167	3.80246	3.80246
0.225	8.125	0.350	1.53100	1.57674	0.05691	0.05691	0.64598	0.64598
0.225	10.447	0.450	1.50200	1.54732	0.06422	0.06422	0.49799	0.49799
0.225	12.769	0.550	1.43100	1.52078	0.08440	0.08440	1.13145	1.13145
0.225	15.090	0.650	1.68200	1.49737	0.11300	0.11300	2.66956	2.66956
0.275	7.094	0.250	1.35400	1.41200	0.05663	0.05663	1.04912	1.04912
0.275	9.931	0.350	1.30900	1.37714	0.06744	0.06744	1.02094	1.02094
0.275	12.769	0.450	1.38400	1.34740	0.07275	0.07275	0.25316	0.25316
0.275	15.606	0.550	1.41800	1.32150	0.10080	0.10080	0.91647	0.91647
0.275	18.443	0.650	1.32200	1.29933	0.11650	0.11650	0.03786	0.03786
0.350	9.028	0.250	1.09100	1.08846	0.03508	0.03508	0.00523	0.00523
0.350	12.640	0.350	1.03600	1.05185	0.03975	0.03975	0.15908	0.15908
0.350	16.251	0.450	0.96520	1.02318	0.04846	0.04846	1.43139	1.43139
0.350	19.862	0.550	1.06000	0.99972	0.06265	0.06265	0.92583	0.92583
0.450	11.608	0.250	0.61210	0.68567	0.02822	0.02822	6.79705	6.79705
0.450	16.251	0.350	0.62010	0.65280	0.03233	0.03233	1.02285	1.02285
0.450	20.894	0.450	0.48820	0.62901	0.04553	0.04553	9.56481	9.56481
0.450	25.537	0.550	0.54130	0.61072	0.05169	0.05169	1.80387	1.80387
0.550	14.187	0.250	0.34930	0.37505	0.02211	0.02211	1.35601	1.35601
0.550	19.862	0.350	0.30970	0.35026	0.02643	0.02643	2.35544	2.35544
0.550	25.537	0.450	0.34060	0.33363	0.03981	0.03981	0.03062	0.03062
0.650	23.473	0.350	0.16980	0.15698	0.02214	0.02214	0.33552	0.33552
0.650	30.180	0.450	0.18680	0.14706	0.03249	0.03249	1.49612	1.49612
0.045	4.115	0.750	1.58100	1.40360	0.12920	0.12920	1.88521	1.88521
0.080	4.390	0.450	1.89500	1.72101	0.06753	0.06753	6.63806	6.63806
0.080	5.365	0.550	1.78800	1.69282	0.06338	0.06338	2.25523	2.25523
0.080	6.341	0.650	1.67700	1.66412	0.06997	0.06997	0.03387	0.03387
0.080	7.316	0.750	1.93700	1.63802	0.12520	0.12520	5.70245	5.70245
0.125	5.335	0.350	1.81400	1.81294	0.05356	0.05356	0.00039	0.00039
0.125	6.859	0.450	1.76600	1.78576	0.06066	0.06066	0.10607	0.10607
0.125	8.383	0.550	1.82400	1.75705	0.06623	0.06623	1.02185	1.02185
0.125	9.908	0.650	1.77900	1.73004	0.07387	0.07387	0.43920	0.43920
0.125	11.432	0.750	1.62300	1.70639	0.12970	0.12970	0.41343	0.41343
0.175	5.335	0.250	1.75600	1.76267	0.05221	0.05221	0.01632	0.01632
0.175	7.469	0.350	1.70500	1.73481	0.05902	0.05902	0.25514	0.25514
0.175	9.603	0.450	1.70300	1.70492	0.05669	0.05669	0.00115	0.00115
0.175	11.737	0.550	1.56200	1.67657	0.06037	0.06037	3.60155	3.60155
0.175	13.871	0.650	1.73700	1.65104	0.09404	0.09404	0.83550	0.83550
0.175	16.005	0.750	1.82200	1.62898	0.14650	0.14650	1.73587	1.73587
0.225	4.115	0.150	1.52400	1.63545	0.07620	0.07620	2.13931	2.13931
0.225	6.859	0.250	1.52300	1.60447	0.05049	0.05049	2.60390	2.60390
0.225	9.603	0.350	1.44800	1.57100	0.04918	0.04918	6.25506	6.25506
0.225	12.346	0.450	1.46900	1.54011	0.06008	0.06008	1.40084	1.40084
0.225	15.090	0.550	1.50500	1.51258	0.07281	0.07281	0.01083	0.01083
0.225	17.834	0.650	1.48700	1.48850	0.10630	0.10630	0.00020	0.00020
0.275	5.030	0.150	1.34000	1.44459	0.07903	0.07903	1.75135	1.75135
0.275	8.383	0.250	1.34000	1.40186	0.04727	0.04727	1.71270	1.71270
0.275	11.737	0.350	1.20400	1.36543	0.05996	0.05996	7.24880	7.24880
0.275	15.090	0.450	1.34100	1.33465	0.05854	0.05854	0.01178	0.01178
0.275	18.443	0.550	1.15700	1.30839	0.07202	0.07202	4.41842	4.41842
0.275	21.797	0.650	1.27000	1.28593	0.09664	0.09664	0.02718	0.02718
0.350	6.402	0.150	1.14200	1.12463	0.05611	0.05611	0.09578	0.09578
0.350	10.670	0.250	0.99290	1.07305	0.03364	0.03364	5.67611	5.67611
0.350	14.938	0.350	0.97030	1.03607	0.03571	0.03571	3.39176	3.39176
0.350	19.206	0.450	0.95670	1.00728	0.04292	0.04292	1.38878	1.38878
0.350	23.473	0.550	0.98970	0.98406	0.05518	0.05518	0.01045	0.01045
0.350	27.741	0.650	0.86250	0.96459	0.07805	0.07805	1.71078	1.71078
0.450	13.718	0.250	0.62290	0.66962	0.02460	0.02460	3.60688	3.60688
0.450	19.206	0.350	0.60810	0.63754	0.03334	0.03334	0.77963	0.77963
0.450	24.693	0.450	0.55480	0.61461	0.03312	0.03312	3.26092	3.26092
0.450	30.180	0.550	0.63580	0.59665	0.05340	0.05340	0.53737	0.53737
0.550	16.767	0.250	0.32330	0.36231	0.02126	0.02126	3.36734	3.36734
0.550	23.473	0.350	0.33160	0.33908	0.02467	0.02467	0.09191	0.09191
0.550	30.180	0.450	0.26310	0.32321	0.03100	0.03100	3.75953	3.75953
0.550	36.887	0.550	0.25050	0.31116	0.05322	0.05322	1.29910	1.29910
0.650	27.741	0.350	0.13670	0.15018	0.01495	0.01495	0.81280	0.81280
0.650	35.667	0.450	0.13640	0.14096	0.02590	0.02590	0.03096	0.03096
0.045	4.115	0.650	1.55400	1.46892	0.07113	0.07113	1.43072	1.43072
0.045	4.749	0.750	1.58000	1.43654	0.08830	0.08830	2.63949	2.63949
0.080	5.065	0.450	1.77700	1.74591	0.05560	0.05560	0.31264	0.31264
0.080	6.191	0.550	1.79500	1.71568	0.06863	0.06863	1.33588	1.33588
0.080	7.316	0.650	1.78400	1.68546	0.06767	0.06767	2.12040	2.12040
0.080	8.442	0.750	1.67500	1.65824	0.08913	0.08913	0.03538	0.03538
0.125	4.397	0.250	1.90300	1.84804	0.05587	0.05587	0.96751	0.96751
0.125	6.156	0.350	1.86000	1.82629	0.05294	0.05294	0.40557	0.40557
0.125	7.914	0.450	1.79900	1.79680	0.06302	0.06302	0.00121	0.00121
0.125	9.673	0.550	1.78300	1.76646	0.05821	0.05821	0.08077	0.08077
0.125	11.432	0.650	1.79100	1.73823	0.07112	0.07112	0.55051	0.55051
0.125	13.191	0.750	1.81400	1.71367	0.10160	0.10160	0.97522	0.97522
0.175	6.156	0.250	1.76500	1.76724	0.06058	0.06058	0.00137	0.00137
0.175	8.618	0.350	1.60400	1.73669	0.05042	0.05042	6.92592	6.92592
0.175	11.080	0.450	1.68600	1.70511	0.05916	0.05916	0.10434	0.10434
0.175	13.542	0.550	1.65600	1.67557	0.06369	0.06369	0.09438	0.09438
0.175	16.005	0.650	1.72700	1.64920	0.08834	0.08834	0.77560	0.77560
0.175	18.467	0.750	1.68900	1.62649	0.10590	0.10590	0.34837	0.34837
0.225	4.749	0.150	1.67600	1.63551	0.07290	0.07290	0.30849	0.30849
0.225	7.914	0.250	1.55600	1.60058	0.05284	0.05284	0.71190	0.71190
0.225	11.080	0.350	1.44700	1.56521	0.05141	0.05141	5.28702	5.28702
0.225	14.246	0.450	1.45600	1.53317	0.05674	0.05674	1.84974	1.84974
0.225	17.412	0.550	1.43800	1.50488	0.07094	0.07094	0.88886	0.88886
0.225	20.577	0.650	1.44300	1.48027	0.09303	0.09303	0.16050	0.16050
0.225	23.743	0.750	1.51200	1.45914	0.12220	0.12220	0.18709	0.18709
0.275	5.804	0.150	1.47100	1.43788	0.06678	0.06678	0.24598	0.24598
0.275	9.673	0.250	1.26600	1.39250	0.04904	0.04904	6.65383	6.65383
0.275	13.542	0.350	1.28900	1.35489	0.05072	0.05072	1.68790	1.68790
0.275	17.412	0.450	1.20300	1.32346	0.05401	0.05401	4.97428	4.97428
0.275	21.281	0.550	1.35200	1.29686	0.06827	0.06827	0.65243	0.65243
0.275	25.150	0.650	1.12200	1.27420	0.08459	0.08459	3.23735	3.23735
0.350	7.387	0.150	1.06900	1.11214	0.03758	0.03758	1.31788	1.31788
0.350	12.311	0.250	1.03100	1.05971	0.03318	0.03318	0.74852	0.74852
0.350	17.236	0.350	0.92760	1.02250	0.03228	0.03228	8.64325	8.64325
0.350	22.160	0.450	0.96680	0.99383	0.03885	0.03885	0.48416	0.48416
0.350	27.085	0.550	0.85510	0.97065	0.05373	0.05373	4.62516	4.62516
0.350	32.009	0.650	1.02400	0.95116	0.06719	0.06719	1.17539	1.17539
0.450	9.497	0.150	0.69130	0.70610	0.03699	0.03699	0.16001	0.16001
0.450	15.829	0.250	0.60270	0.65625	0.02671	0.02671	4.01898	4.01898
0.450	22.160	0.350	0.55010	0.62500	0.02618	0.02618	8.18531	8.18531
0.450	28.492	0.450	0.55460	0.60254	0.03114	0.03114	2.37007	2.37007
0.450	34.823	0.550	0.51760	0.58486	0.04288	0.04288	2.46043	2.46043
0.550	19.346	0.250	0.34370	0.35201	0.02069	0.02069	0.16128	0.16128
0.550	27.085	0.350	0.29970	0.32996	0.02185	0.02185	1.91832	1.91832
0.550	34.823	0.450	0.28600	0.31465	0.02582	0.02582	1.23163	1.23163
0.550	42.562	0.550	0.23700	0.30300	0.03278	0.03278	4.05392	4.05392
0.650	22.864	0.250	0.14920	0.15789	0.01139	0.01139	0.58230	0.58230
0.650	32.009	0.350	0.12990	0.14476	0.01327	0.01327	1.25403	1.25403
0.650	41.155	0.450	0.10560	0.13606	0.02262	0.02262	1.81357	1.81357
0.045	4.664	0.650	1.61600	1.49800	0.07011	0.07011	2.83254	2.83254
0.045	5.382	0.750	1.58300	1.46469	0.09001	0.09001	1.72773	1.72773
0.080	4.465	0.350	1.80800	1.79382	0.06720	0.06720	0.04452	0.04452
0.080	5.741	0.450	1.77700	1.76660	0.06491	0.06491	0.02569	0.02569
0.080	7.016	0.550	2.00200	1.73462	0.08023	0.08023	11.10697	11.10697
0.080	8.292	0.650	1.81200	1.70309	0.07774	0.07774	1.96258	1.96258
0.080	9.568	0.750	1.73400	1.67489	0.10000	0.10000	0.34939	0.34939
0.125	4.983	0.250	1.85100	1.86151	0.06557	0.06557	0.02569	0.02569
0.125	6.976	0.350	1.77300	1.83682	0.05133	0.05133	1.54595	1.54595
0.125	8.970	0.450	1.78900	1.80541	0.05419	0.05419	0.09166	0.09166
0.125	10.963	0.550	1.67600	1.77368	0.06443	0.06443	2.29837	2.29837
0.125	12.956	0.650	1.75900	1.74444	0.07345	0.07345	0.03931	0.03931
0.125	14.949	0.750	1.82000	1.71910	0.09153	0.09153	1.21528	1.21528
0.175	4.186	0.150	1.75400	1.79279	0.05598	0.05598	0.48023	0.48023
0.175	6.976	0.250	1.74000	1.77020	0.05445	0.05445	0.30761	0.30761
0.175	9.767	0.350	1.62900	1.73743	0.05277	0.05277	4.22229	4.22229
0.175	12.557	0.450	1.62000	1.70445	0.05319	0.05319	2.52100	2.52100
0.175	15.348	0.550	1.54000	1.67395	0.06510	0.06510	4.23359	4.23359
0.175	18.139	0.650	1.56700	1.64688	0.06982	0.06982	1.30893	1.30893
0.175	20.929	0.750	1.61200	1.62362	0.09538	0.09538	0.01483	0.01483
0.225	5.382	0.150	1.60000	1.63450	0.06357	0.06357	0.29452	0.29452
0.225	8.970	0.250	1.55000	1.59642	0.05691	0.05691	0.66525	0.66525
0.225	12.557	0.350	1.52000	1.55952	0.05164	0.05164	0.58558	0.58558
0.225	16.145	0.450	1.47000	1.52655	0.05633	0.05633	1.00780	1.00780
0.225	19.733	0.550	1.43500	1.49766	0.06137	0.06137	1.04264	1.04264
0.225	23.321	0.650	1.51000	1.47265	0.08325	0.08325	0.20127	0.20127
0.225	26.909	0.750	1.27400	1.45118	0.11400	0.11400	2.41544	2.41544
0.275	6.578	0.150	1.35900	1.43131	0.05462	0.05462	1.75244	1.75244
0.275	10.963	0.250	1.32900	1.38385	0.05182	0.05182	1.12032	1.12032
0.275	15.348	0.350	1.28200	1.34533	0.05418	0.05418	1.36618	1.36618
0.275	19.733	0.450	1.28200	1.31339	0.05441	0.05441	0.33282	0.33282
0.275	24.118	0.550	1.31800	1.28660	0.06325	0.06325	0.24651	0.24651
0.275	28.503	0.650	1.09000	1.26369	0.09455	0.09455	3.37450	3.37450
0.275	32.889	0.750	1.16700	1.24402	0.11170	0.11170	0.47547	0.47547
0.350	8.372	0.150	1.05200	1.10099	0.03523	0.03523	1.93387	1.93387
0.350	13.953	0.250	0.97420	1.04796	0.03059	0.03059	5.81452	5.81452
0.350	19.534	0.350	0.94500	1.01062	0.03507	0.03507	3.50108	3.50108
0.350	25.115	0.450	0.94150	0.98213	0.03646	0.03646	1.24175	1.24175
0.350	30.696	0.550	0.96040	0.95891	0.04508	0.04508	0.00110	0.00110
0.350	36.277	0.650	0.88250	0.93940	0.06418	0.06418	0.78598	0.78598
0.450	10.764	0.150	0.72660	0.69377	0.03253	0.03253	1.01842	1.01842
0.450	17.939	0.250	0.62710	0.64482	0.02568	0.02568	0.47625	0.47625
0.450	25.115	0.350	0.53100	0.61434	0.02911	0.02911	8.19571	8.19571
0.450	32.291	0.450	0.52370	0.59217	0.02992	0.02992	5.23763	5.23763
0.450	39.466	0.550	0.49750	0.57472	0.04368	0.04368	3.12550	3.12550
0.450	46.642	0.650	0.44510	0.56037	0.07417	0.07417	2.41552	2.41552
0.550	21.926	0.250	0.31520	0.34353	0.01891	0.01891	2.24507	2.24507
0.550	30.696	0.350	0.29180	0.32229	0.02017	0.02017	2.28482	2.28482
0.550	39.466	0.450	0.29800	0.30743	0.02617	0.02617	0.12991	0.12991
0.550	48.237	0.550	0.21180	0.29609	0.03331	0.03331	6.40379	6.40379
0.650	25.912	0.250	0.13630	0.15273	0.01260	0.01260	1.69969	1.69969
0.650	36.277	0.350	0.11840	0.14029	0.01275	0.01275	2.94796	2.94796
0.650	46.642	0.450	0.09599	0.13200	0.01466	0.01466	6.03433	6.03433
0.650	57.007	0.550	0.08153	0.12587	0.02150	0.02150	4.25397	4.25397
0.045	4.411	0.550	1.62800	1.55949	0.06695	0.06695	1.04729	1.04729
0.045	5.213	0.650	1.58400	1.52332	0.07268	0.07268	0.69700	0.69700
0.045	6.015	0.750	1.78100	1.48916	0.08236	0.08236	12.55659	12.55659
0.045	6.817	0.850	1.35200	1.45975	0.15120	0.15120	0.50780	0.50780
0.080	4.990	0.350	1.87000	1.81344	0.06263	0.06263	0.81546	0.81546
0.080	6.416	0.450	1.82100	1.78414	0.06590	0.06590	0.31286	0.31286
0.080	7.842	0.550	1.82200	1.75063	0.06519	0.06519	1.19858	1.19858
0.080	9.267	0.650	1.71000	1.71796	0.07017	0.07017	0.01286	0.01286
0.080	10.693	0.750	1.65700	1.68862	0.09159	0.09159	0.11922	0.11922
0.080	12.119	0.850	1.59900	1.66488	0.16650	0.16650	0.15657	0.15657
0.125	5.569	0.250	1.88400	1.87252	0.05687	0.05687	0.04078	0.04078
0.125	7.797	0.350	1.78000	1.84532	0.05495	0.05495	1.41326	1.41326
0.125	10.025	0.450	1.72400	1.81225	0.05841	0.05841	2.28277	2.28277
0.125	12.253	0.550	1.75100	1.77934	0.06485	0.06485	0.19102	0.19102
0.125	14.480	0.650	1.67300	1.74922	0.06571	0.06571	1.34558	1.34558
0.125	16.708	0.750	1.68600	1.72322	0.09009	0.09009	0.17067	0.17067
0.175	4.678	0.150	1.81800	1.79821	0.06758	0.06758	0.08577	0.08577
0.175	7.797	0.250	1.69300	1.77205	0.05600	0.05600	1.99265	1.99265
0.175	10.916	0.350	1.77100	1.73742	0.06065	0.06065	0.30658	0.30658
0.175	14.035	0.450	1.62400	1.70326	0.05617	0.05617	1.99114	1.99114
0.175	17.154	0.550	1.73000	1.67194	0.06842	0.06842	0.72001	0.72001
0.175	20.273	0.650	1.61800	1.64428	0.06947	0.06947	0.14313	0.14313
0.175	23.391	0.750	1.69900	1.62048	0.11970	0.11970	0.43026	0.43026
0.225	6.015	0.150	1.57200	1.63286	0.05566	0.05566	1.19544	1.19544
0.225	10.025	0.250	1.55900	1.59218	0.05807	0.05807	0.32653	0.32653
0.225	14.035	0.350	1.57800	1.55400	0.06925	0.06925	0.12008	0.12008
0.225	18.045	0.450	1.42400	1.52028	0.06228	0.06228	2.38975	2.38975
0.225	22.055	0.550	1.42600	1.49092	0.06642	0.06642	0.95541	0.95541
0.225	26.065	0.650	1.24500	1.46553	0.06991	0.06991	9.95105	9.95105
0.225	30.075	0.750	1.33700	1.44376	0.10450	0.10450	1.04380	1.04380
0.275	7.352	0.150	1.44200	1.42496	0.06099	0.06099	0.07802	0.07802
0.275	12.253	0.250	1.31500	1.37583	0.04972	0.04972	1.49696	1.49696
0.275	17.154	0.350	1.23000	1.33657	0.04943	0.04943	4.64865	4.64865
0.275	22.055	0.450	1.24000	1.30433	0.05182	0.05182	1.54129	1.54129
0.275	26.956	0.550	1.27400	1.27727	0.06301	0.06301	0.00270	0.00270
0.275	31.857	0.650	1.22300	1.25415	0.08478	0.08478	0.13504	0.13504
0.275	36.758	0.750	1.22100	1.23433	0.11160	0.11160	0.01427	0.01427
0.350	9.357	0.150	1.14000	1.09094	0.03812	0.03812	1.65634	1.65634
0.350	15.594	0.250	1.00700	1.03748	0.03102	0.03102	0.96556	0.96556
0.350	21.832	0.350	0.96970	1.00020	0.03374	0.03374	0.81706	0.81706
0.350	28.070	0.450	0.92720	0.97170	0.03353	0.03353	1.76175	1.76175
0.350	34.307	0.550	0.93520	0.94846	0.04278	0.04278	0.09604	0.09604
0.350	40.545	0.650	0.97630	0.92894	0.06598	0.06598	0.51522	0.51522
0.450	12.030	0.150	0.66110	0.68304	0.02821	0.02821	0.60483	0.60483
0.450	20.050	0.250	0.61260	0.63487	0.02546	0.02546	0.76527	0.76527
0.450	28.070	0.350	0.55520	0.60501	0.02755	0.02755	3.26850	3.26850
0.450	36.090	0.450	0.56620	0.58310	0.03365	0.03365	0.25228	0.25228
0.450	44.109	0.550	0.55410	0.56584	0.03834	0.03834	0.09376	0.09376
0.450	52.129	0.650	0.55540	0.55164	0.06421	0.06421	0.00343	0.00343
0.550	14.703	0.150	0.36450	0.37193	0.01995	0.01995	0.13859	0.13859
0.550	24.505	0.250	0.33560	0.33633	0.02149	0.02149	0.00116	0.00116
0.550	34.307	0.350	0.28540	0.31568	0.02455	0.02455	1.52151	1.52151
0.550	44.109	0.450	0.25950	0.30120	0.02670	0.02670	2.43911	2.43911
0.550	53.912	0.550	0.29930	0.29012	0.03499	0.03499	0.06886	0.06886
0.650	28.961	0.250	0.11960	0.14839	0.01119	0.01119	6.61735	6.61735
0.650	40.545	0.350	0.11890	0.13651	0.01172	0.01172	2.25761	2.25761
0.650	52.129	0.450	0.12040	0.12855	0.01493	0.01493	0.29797	0.29797
0.650	63.714	0.550	0.08520	0.12264	0.02163	0.02163	2.99623	2.99623
0.045	4.179	0.450	1.73000	1.62963	0.06014	0.06014	2.78527	2.78527
0.045	5.107	0.550	1.71600	1.59366	0.05428	0.05428	5.07975	5.07975
0.045	6.036	0.650	1.70400	1.55590	0.05864	0.05864	6.37839	6.37839
0.045	6.965	0.750	1.78900	1.52058	0.06414	0.06414	17.51319	17.51319
0.045	7.893	0.850	1.75500	1.49043	0.11510	0.11510	5.28379	5.28379
0.080	4.127	0.250	1.91000	1.85625	0.04890	0.04890	1.20800	1.20800
0.080	5.778	0.350	1.89000	1.83806	0.05234	0.05234	0.98459	0.98459
0.080	7.429	0.450	1.87200	1.80607	0.04934	0.04934	1.78533	1.78533
0.080	9.080	0.550	1.81000	1.77057	0.05000	0.05000	0.62179	0.62179
0.080	10.731	0.650	1.86600	1.73612	0.05341	0.05341	5.91310	5.91310
0.080	12.382	0.750	1.73200	1.70595	0.06093	0.06093	0.18275	0.18275
0.080	14.032	0.850	1.90800	1.68138	0.11760	0.11760	3.71351	3.71351
0.125	6.449	0.250	1.84600	1.88570	0.04750	0.04750	0.69860	0.69860
0.125	9.028	0.350	1.84300	1.85533	0.04553	0.04553	0.07340	0.07340
0.125	11.608	0.450	1.77600	1.82016	0.06360	0.06360	0.48200	0.48200
0.125	14.187	0.550	1.72900	1.78575	0.04396	0.04396	1.66633	1.66633
0.125	16.767	0.650	1.76400	1.75451	0.05093	0.05093	0.03472	0.03472
0.125	19.346	0.750	1.85300	1.72766	0.06783	0.06783	3.41482	3.41482
0.125	21.926	0.850	1.85000	1.70572	0.11260	0.11260	1.64184	1.64184
0.175	5.417	0.150	1.86800	1.80401	0.04956	0.04956	1.66717	1.66717
0.175	9.028	0.250	1.73800	1.77343	0.04752	0.04752	0.55599	0.55599
0.175	12.640	0.350	1.70900	1.73647	0.04512	0.04512	0.37073	0.37073
0.175	16.251	0.450	1.69300	1.70085	0.05505	0.05505	0.02033	0.02033
0.175	19.862	0.550	1.64700	1.66852	0.05060	0.05060	0.18088	0.18088
0.175	23.473	0.650	1.55700	1.64003	0.05217	0.05217	2.53267	2.53267
0.175	27.085	0.750	1.66000	1.61565	0.07295	0.07295	0.36966	0.36966
0.175	30.696	0.850	1.51300	1.59547	0.11980	0.11980	0.47384	0.47384
0.225	6.965	0.150	1.57900	1.62969	0.04482	0.04482	1.27912	1.27912
0.225	11.608	0.250	1.61800	1.58585	0.04832	0.04832	0.44277	0.44277
0.225	16.251	0.350	1.47400	1.54611	0.04516	0.04516	2.54952	2.54952
0.225	20.894	0.450	1.49100	1.51148	0.04347	0.04347	0.22207	0.22207
0.225	25.537	0.550	1.44300	1.48154	0.04572	0.04572	0.71043	0.71043
0.225	30.180	0.650	1.40500	1.45567	0.05319	0.05319	0.90741	0.90741
0.225	34.823	0.750	1.62500	1.43353	0.08883	0.08883	4.64617	4.64617
0.275	8.512	0.150	1.38700	1.41595	0.04942	0.04942	0.34320	0.34320
0.275	14.187	0.250	1.31700	1.36483	0.04337	0.04337	1.21647	1.21647
0.275	19.862	0.350	1.33300	1.32471	0.04849	0.04849	0.02926	0.02926
0.275	25.537	0.450	1.23800	1.29213	0.04911	0.04911	1.21471	1.21471
0.275	31.212	0.550	1.24700	1.26470	0.04346	0.04346	0.16592	0.16592
0.275	36.887	0.650	1.14700	1.24133	0.05157	0.05157	3.34550	3.34550
0.275	42.562	0.750	1.19700	1.22130	0.08395	0.08395	0.08380	0.08380
0.350	10.834	0.150	1.03100	1.07752	0.02957	0.02957	2.47492	2.47492
0.350	18.056	0.250	0.96560	1.02362	0.02666	0.02666	4.73604	4.73604
0.350	25.279	0.350	0.92880	0.98650	0.02626	0.02626	4.82848	4.82848
0.350	32.502	0.450	0.94860	0.95793	0.02853	0.02853	0.10704	0.10704
0.350	39.724	0.550	0.83290	0.93466	0.02779	0.02779	13.40840	13.40840
0.350	46.947	0.650	0.83140	0.91513	0.03843	0.03843	4.74691	4.74691
0.350	54.169	0.750	0.92740	0.89843	0.06604	0.06604	0.19237	0.19237
0.450	13.929	0.150	0.64910	0.66920	0.02076	0.02076	0.93711	0.93711
0.450	23.215	0.250	0.58000	0.62230	0.02245	0.02245	3.54956	3.54956
0.450	32.502	0.350	0.57940	0.59291	0.02201	0.02201	0.37686	0.37686
0.450	41.788	0.450	0.53470	0.57133	0.02090	0.02090	3.07100	3.07100
0.450	51.074	0.550	0.54680	0.55430	0.02696	0.02696	0.07734	0.07734
0.450	60.360	0.650	0.45090	0.54027	0.03797	0.03797	5.53985	5.53985
0.550	17.025	0.150	0.36700	0.36100	0.01742	0.01742	0.11880	0.11880
0.550	28.375	0.250	0.30160	0.32718	0.01608	0.01608	2.53149	2.53149
0.550	39.724	0.350	0.27600	0.30726	0.01413	0.01413	4.89344	4.89344
0.550	51.074	0.450	0.26630	0.29322	0.01910	0.01910	1.98712	1.98712
0.550	62.424	0.550	0.24410	0.28245	0.02516	0.02516	2.32360	2.32360
0.550	73.774	0.650	0.23810	0.27374	0.03126	0.03126	1.29972	1.29972
0.650	33.533	0.250	0.13360	0.14298	0.00963	0.00963	0.94841	0.94841
0.650	46.947	0.350	0.12000	0.13177	0.00870	0.00870	1.82976	1.82976
0.650	60.360	0.450	0.12030	0.12420	0.01162	0.01162	0.11263	0.11263
0.650	73.774	0.550	0.09833	0.11855	0.01367	0.01367	2.18780	2.18780
0.045	4.939	0.450	1.86500	1.66991	0.06448	0.06448	9.15419	9.15419
0.045	6.036	0.550	1.72500	1.63150	0.06506	0.06506	2.06525	2.06525
0.045	7.133	0.650	1.62100	1.59187	0.06166	0.06166	0.22320	0.22320
0.045	8.231	0.750	1.90200	1.55519	0.07086	0.07086	23.95391	23.95391
0.045	9.328	0.850	1.73400	1.52414	0.10030	0.10030	4.37769	4.37769
0.080	4.878	0.250	1.96300	1.88690	0.06044	0.06044	1.58522	1.58522
0.080	6.829	0.350	1.97300	1.86443	0.06678	0.06678	2.64299	2.64299
0.080	8.780	0.450	1.78600	1.82943	0.06030	0.06030	0.51878	0.51878
0.080	10.731	0.550	1.83800	1.79141	0.06414	0.06414	0.52760	0.52760
0.080	12.682	0.650	1.86800	1.75556	0.07247	0.07247	2.40711	2.40711
0.080	14.633	0.750	1.83200	1.72410	0.07357	0.07357	2.15106	2.15106
0.080	16.584	0.850	1.76800	1.69862	0.09994	0.09994	0.48197	0.48197
0.125	4.573	0.150	1.85300	1.91336	0.05253	0.05253	1.32017	1.32017
0.125	7.621	0.250	1.85000	1.89897	0.06301	0.06301	0.60407	0.60407
0.125	10.670	0.350	1.86300	1.86514	0.05655	0.05655	0.00143	0.00143
0.125	13.718	0.450	1.77100	1.82767	0.05296	0.05296	1.14482	1.14482
0.125	16.767	0.550	1.85000	1.79161	0.06176	0.06176	0.89370	0.89370
0.125	19.815	0.650	1.75300	1.75915	0.05993	0.05993	0.01055	0.01055
0.125	22.864	0.750	1.86600	1.73117	0.06955	0.06955	3.75799	3.75799
0.125	25.912	0.850	1.66200	1.70845	0.10760	0.10760	0.18633	0.18633
0.175	6.402	0.150	1.70900	1.80888	0.05140	0.05140	3.77621	3.77621
0.175	10.670	0.250	1.72900	1.77362	0.05173	0.05173	0.74392	0.74392
0.175	14.938	0.350	1.70000	1.73418	0.06454	0.06454	0.28043	0.28043
0.175	19.206	0.450	1.56100	1.69699	0.04954	0.04954	7.53518	7.53518
0.175	23.473	0.550	1.61700	1.66351	0.05944	0.05944	0.61214	0.61214
0.175	27.741	0.650	1.59800	1.63418	0.06864	0.06864	0.27790	0.27790
0.175	32.009	0.750	1.53800	1.60917	0.07210	0.07210	0.97442	0.97442
0.175	36.277	0.850	1.78500	1.58848	0.14510	0.14510	1.83434	1.83434
0.225	4.115	0.075	1.66800	1.65646	0.11810	0.11810	0.00955	0.00955
0.225	8.231	0.150	1.59900	1.62480	0.05319	0.05319	0.23520	0.23520
0.225	13.718	0.250	1.45000	1.57767	0.05549	0.05549	5.29385	5.29385
0.225	19.206	0.350	1.45600	1.53632	0.05288	0.05288	2.30735	2.30735
0.225	24.693	0.450	1.47300	1.50081	0.05392	0.05392	0.26593	0.26593
0.225	30.180	0.550	1.46500	1.47016	0.06392	0.06392	0.00651	0.00651
0.225	35.667	0.650	1.34000	1.44377	0.06034	0.06034	2.95762	2.95762
0.225	41.155	0.750	1.35900	1.42122	0.08490	0.08490	0.53713	0.53713
0.225	46.642	0.850	1.57900	1.40219	0.17930	0.17930	0.97238	0.97238
0.275	5.030	0.075	1.48800	1.45675	0.12530	0.12530	0.06221	0.06221
0.275	10.060	0.150	1.35900	1.40489	0.05027	0.05027	0.83343	0.83343
0.275	16.767	0.250	1.32100	1.35176	0.04783	0.04783	0.41355	0.41355
0.275	23.473	0.350	1.19800	1.31093	0.04861	0.04861	5.39756	5.39756
0.275	30.180	0.450	1.19200	1.27780	0.04814	0.04814	3.17678	3.17678
0.275	36.887	0.550	1.20700	1.25000	0.05293	0.05293	0.65990	0.65990
0.275	43.594	0.650	1.21400	1.22634	0.06222	0.06222	0.03931	0.03931
0.275	50.300	0.750	1.10300	1.20608	0.09367	0.09367	1.21105	1.21105
0.350	6.402	0.075	1.11600	1.12897	0.07540	0.07540	0.02957	0.02957
0.350	12.804	0.150	0.98140	1.06204	0.03258	0.03258	6.12588	6.12588
0.350	21.340	0.250	0.98600	1.00788	0.03069	0.03069	0.50841	0.50841
0.350	29.875	0.350	0.90230	0.97083	0.03001	0.03001	5.21521	5.21521
0.350	38.411	0.450	0.89150	0.94220	0.03181	0.03181	2.54025	2.54025
0.350	46.947	0.550	0.86930	0.91889	0.03412	0.03412	2.11271	2.11271
0.350	55.483	0.650	0.91370	0.89934	0.04470	0.04470	0.10326	0.10326
0.350	64.019	0.750	0.92240	0.88261	0.07251	0.07251	0.30117	0.30117
0.450	16.462	0.150	0.59970	0.65383	0.02525	0.02525	4.59513	4.59513
0.450	27.436	0.250	0.54110	0.60827	0.02190	0.02190	9.40774	9.40774
0.450	38.411	0.350	0.54010	0.57939	0.02397	0.02397	2.68617	2.68617
0.450	49.386	0.450	0.54910	0.55814	0.02504	0.02504	0.13022	0.13022
0.450	60.360	0.550	0.51040	0.54134	0.03281	0.03281	0.88945	0.88945
0.450	71.335	0.650	0.53180	0.52748	0.03911	0.03911	0.01219	0.01219
0.550	20.120	0.150	0.33490	0.34921	0.01789	0.01789	0.63990	0.63990
0.550	33.533	0.250	0.29170	0.31719	0.01721	0.01721	2.19409	2.19409
0.550	46.947	0.350	0.28940	0.29801	0.01735	0.01735	0.24626	0.24626
0.550	60.360	0.450	0.26860	0.28444	0.02086	0.02086	0.57634	0.57634
0.550	73.774	0.550	0.26030	0.27397	0.02203	0.02203	0.38532	0.38532
0.550	87.187	0.650	0.28120	0.26548	0.03669	0.03669	0.18353	0.18353
0.650	23.778	0.150	0.14430	0.15604	0.01124	0.01124	1.09147	1.09147
0.650	39.630	0.250	0.14130	0.13722	0.01255	0.01255	0.10579	0.10579
0.650	55.483	0.350	0.12880	0.12667	0.01051	0.01051	0.04111	0.04111
0.650	71.335	0.450	0.13930	0.11949	0.01353	0.01353	2.14410	2.14410
0.650	87.187	0.550	0.11300	0.11410	0.01628	0.01628	0.00453	0.00453
0.650	103.039	0.650	0.07889	0.10980	0.02072	0.02072	2.22515	2.22515
0.045	4.432	0.350	1.93900	1.73623	0.08643	0.08643	5.50377	5.50377
0.045	5.698	0.450	1.97400	1.70347	0.07662	0.07662	12.46663	12.46663
0.045	6.965	0.550	1.79300	1.66293	0.07558	0.07558	2.96184	2.96184
0.045	8.231	0.650	1.78100	1.62165	0.07305	0.07305	4.75827	4.75827
0.045	9.497	0.750	1.73700	1.58378	0.09247	0.09247	2.74567	2.74567
0.045	10.764	0.850	1.66800	1.55193	0.10190	0.10190	1.29756	1.29756
0.080	5.628	0.250	1.92800	1.91167	0.06593	0.06593	0.06137	0.06137
0.080	7.879	0.350	1.84700	1.88561	0.06899	0.06899	0.31324	0.31324
0.080	10.130	0.450	1.98800	1.84778	0.06628	0.06628	4.47552	4.47552
0.080	12.382	0.550	1.94200	1.80816	0.06741	0.06741	3.94202	3.94202
0.080	14.633	0.650	1.93300	1.77086	0.07611	0.07611	4.53861	4.53861
0.080	16.884	0.750	1.85200	1.73835	0.07653	0.07653	2.20524	2.20524
0.080	19.135	0.850	1.87800	1.71208	0.10850	0.10850	2.33864	2.33864
0.125	5.276	0.150	1.91600	1.92827	0.05998	0.05998	0.04184	0.04184
0.125	8.794	0.250	1.96900	1.90891	0.05949	0.05949	1.02026	1.02026
0.125	12.311	0.350	1.91000	1.87224	0.06383	0.06383	0.35001	0.35001
0.125	15.829	0.450	1.82300	1.83287	0.05963	0.05963	0.02740	0.02740
0.125	19.346	0.550	1.79000	1.79547	0.06688	0.06688	0.00668	0.00668
0.125	22.864	0.650	1.68700	1.76182	0.06251	0.06251	1.43265	1.43265
0.125	26.381	0.750	1.67700	1.73304	0.07048	0.07048	0.63223	0.63223
0.125	29.899	0.850	1.64000	1.70971	0.10210	0.10210	0.46621	0.46621
0.175	7.387	0.150	1.71300	1.81169	0.06432	0.06432	2.35414	2.35414
0.175	12.311	0.250	1.69400	1.77268	0.06230	0.06230	1.59500	1.59500
0.175	17.236	0.350	1.71400	1.73123	0.05622	0.05622	0.09397	0.09397
0.175	22.160	0.450	1.61700	1.69276	0.06280	0.06280	1.45519	1.45519
0.175	27.085	0.550	1.66600	1.65835	0.06211	0.06211	0.01515	0.01515
0.175	32.009	0.650	1.55900	1.62836	0.06490	0.06490	1.14226	1.14226
0.175	36.934	0.750	1.54200	1.60282	0.08321	0.08321	0.53433	0.53433
0.175	41.858	0.850	1.77000	1.58170	0.12390	0.12390	2.30969	2.30969
0.225	4.749	0.075	1.74300	1.65649	0.11050	0.11050	0.61295	0.61295
0.225	9.497	0.150	1.49200	1.61962	0.05651	0.05651	5.09982	5.09982
0.225	15.829	0.250	1.47100	1.56991	0.05449	0.05449	3.29508	3.29508
0.225	22.160	0.350	1.47600	1.52737	0.05730	0.05730	0.80359	0.80359
0.225	28.492	0.450	1.46400	1.49106	0.05871	0.05871	0.21247	0.21247
0.225	34.823	0.550	1.46400	1.45985	0.06838	0.06838	0.00369	0.00369
0.225	41.155	0.650	1.34000	1.43303	0.06328	0.06328	2.16145	2.16145
0.225	47.486	0.750	1.45700	1.41014	0.07897	0.07897	0.35215	0.35215
0.225	53.818	0.850	1.44600	1.39081	0.13000	0.13000	0.18025	0.18025
0.275	5.804	0.075	1.27600	1.45010	0.08830	0.08830	3.88771	3.88771
0.275	11.608	0.150	1.39800	1.39476	0.06558	0.06558	0.00244	0.00244
0.275	19.346	0.250	1.18900	1.34014	0.05822	0.05822	6.73944	6.73944
0.275	27.085	0.350	1.19200	1.29878	0.05170	0.05170	4.26602	4.26602
0.275	34.823	0.450	1.21500	1.26520	0.05792	0.05792	0.75113	0.75113
0.275	42.562	0.550	1.16500	1.23708	0.05724	0.05724	1.58577	1.58577
0.275	50.300	0.650	1.18800	1.21318	0.07611	0.07611	0.10942	0.10942
0.275	58.039	0.750	1.17800	1.19271	0.07844	0.07844	0.03518	0.03518
0.350	7.387	0.075	1.02500	1.11665	0.06352	0.06352	2.08179	2.08179
0.350	14.774	0.150	1.00500	1.04865	0.03350	0.03350	1.69796	1.69796
0.350	24.622	0.250	0.96640	0.99454	0.03364	0.03364	0.69950	0.69950
0.350	34.471	0.350	0.92150	0.95736	0.03793	0.03793	0.89391	0.89391
0.350	44.321	0.450	0.84100	0.92868	0.03979	0.03979	4.85545	4.85545
0.350	54.169	0.550	0.90470	0.90534	0.03552	0.03552	0.00032	0.00032
0.350	64.018	0.650	0.88670	0.88574	0.04371	0.04371	0.00049	0.00049
0.350	73.868	0.750	0.81960	0.86896	0.07037	0.07037	0.49191	0.49191
0.450	9.497	0.075	0.61220	0.70654	0.04798	0.04798	3.86641	3.86641
0.450	18.994	0.150	0.58980	0.64099	0.02972	0.02972	2.96639	2.96639
0.450	31.657	0.250	0.58360	0.59648	0.02891	0.02891	0.19855	0.19855
0.450	44.321	0.350	0.53280	0.56800	0.02655	0.02655	1.75745	1.75745
0.450	56.983	0.450	0.50830	0.54701	0.03067	0.03067	1.59271	1.59271
0.450	69.647	0.550	0.50230	0.53039	0.03120	0.03120	0.81033	0.81033
0.450	82.309	0.650	0.51690	0.51664	0.04109	0.04109	0.00004	0.00004
0.450	94.972	0.750	0.53300	0.50494	0.07440	0.07440	0.14228	0.14228
0.550	23.215	0.150	0.31850	0.33983	0.01861	0.01861	1.31385	1.31385
0.550	38.693	0.250	0.27320	0.30896	0.01926	0.01926	3.44794	3.44794
0.550	54.169	0.350	0.30330	0.29036	0.02222	0.02222	0.33937	0.33937
0.550	69.647	0.450	0.29330	0.27713	0.02156	0.02156	0.56243	0.56243
0.550	85.124	0.550	0.24070	0.26690	0.02246	0.02246	1.36084	1.36084
0.550	100.600	0.650	0.24590	0.25857	0.04066	0.04066	0.09707	0.09707
0.650	27.436	0.150	0.15490	0.15032	0.01274	0.01274	0.12915	0.12915
0.650	45.727	0.250	0.12550	0.13257	0.01090	0.01090	0.42103	0.42103
0.650	64.018	0.350	0.10030	0.12252	0.01077	0.01077	4.25760	4.25760
0.650	82.309	0.450	0.12120	0.11563	0.01439	0.01439	0.14959	0.14959
0.650	100.600	0.550	0.12710	0.11043	0.01674	0.01674	0.99132	0.99132
0.650	118.891	0.650	0.08110	0.10627	0.02221	0.02221	1.28416	1.28416
0.015	4.080	0.850	1.36900	1.13204	0.07228	0.07228	10.74788	10.74788
0.045	5.023	0.350	1.79100	1.76726	0.08264	0.08264	0.08254	0.08254
0.045	6.458	0.450	1.85400	1.73208	0.07313	0.07313	2.77963	2.77963
0.045	7.893	0.550	1.94200	1.68962	0.08026	0.08026	9.88774	9.88774
0.045	9.328	0.650	1.63800	1.64688	0.07247	0.07247	0.01502	0.01502
0.045	10.764	0.750	1.68400	1.60793	0.09349	0.09349	0.66212	0.66212
0.045	12.199	0.850	1.83100	1.57535	0.09546	0.09546	7.17211	7.17211
0.080	6.378	0.250	2.06300	1.93223	0.07637	0.07637	2.93227	2.93227
0.080	8.930	0.350	2.01200	1.90308	0.07068	0.07068	2.37483	2.37483
0.080	11.481	0.450	1.85600	1.86303	0.06622	0.06622	0.01128	0.01128
0.080	14.032	0.550	1.86500	1.82178	0.08021	0.08021	0.29033	0.29033
0.080	16.584	0.650	1.72100	1.78326	0.06819	0.06819	0.83359	0.83359
0.080	19.135	0.750	1.83800	1.74982	0.07362	0.07362	1.43475	1.43475
0.080	21.687	0.850	1.86000	1.72271	0.11430	0.11430	1.44278	1.44278
0.125	5.980	0.150	1.91600	1.94011	0.06255	0.06255	0.14855	0.14855
0.125	9.966	0.250	1.92900	1.91656	0.06478	0.06478	0.03688	0.03688
0.125	13.953	0.350	1.73400	1.87749	0.06264	0.06264	5.24705	5.24705
0.125	17.939	0.450	1.80400	1.83652	0.06373	0.06373	0.26036	0.26036
0.125	21.926	0.550	1.74600	1.79786	0.06731	0.06731	0.59369	0.59369
0.125	25.912	0.650	1.79400	1.76330	0.06850	0.06850	0.20081	0.20081
0.125	29.899	0.750	1.79900	1.73386	0.07529	0.07529	0.74844	0.74844
0.125	33.885	0.850	1.85400	1.71002	0.10130	0.10130	2.02008	2.02008
0.175	4.186	0.075	1.84200	1.82607	0.09551	0.09551	0.02783	0.02783
0.175	8.372	0.150	1.76300	1.81316	0.06758	0.06758	0.55095	0.55095
0.175	13.953	0.250	1.72300	1.77103	0.06832	0.06832	0.49426	0.49426
0.175	19.534	0.350	1.57400	1.72795	0.06532	0.06532	5.55501	5.55501
0.175	25.115	0.450	1.70400	1.68801	0.06874	0.06874	0.05414	0.05414
0.175	30.696	0.550	1.60800	1.65323	0.06181	0.06181	0.53548	0.53548
0.175	36.277	0.650	1.55700	1.62266	0.06490	0.06490	1.02362	1.02362
0.175	41.858	0.750	1.61700	1.59667	0.08241	0.08241	0.06086	0.06086
0.175	47.439	0.850	1.62400	1.57517	0.12420	0.12420	0.15460	0.15460
0.225	5.382	0.075	1.78200	1.65543	0.09651	0.09651	1.71984	1.71984
0.225	10.764	0.150	1.57300	1.61440	0.06091	0.06091	0.46198	0.46198
0.225	17.939	0.250	1.62900	1.56260	0.06530	0.06530	1.03384	1.03384
0.225	25.115	0.350	1.55300	1.51909	0.06110	0.06110	0.30805	0.30805
0.225	32.291	0.450	1.47300	1.48213	0.06656	0.06656	0.01881	0.01881
0.225	39.466	0.550	1.51900	1.45041	0.06306	0.06306	1.18305	1.18305
0.225	46.642	0.650	1.22000	1.42323	0.06263	0.06263	10.52918	10.52918
0.225	53.818	0.750	1.36200	1.40002	0.07404	0.07404	0.26369	0.26369
0.225	60.993	0.850	1.54300	1.38042	0.13090	0.13090	1.54269	1.54269
0.275	6.578	0.075	1.36000	1.44356	0.09112	0.09112	0.84100	0.84100
0.275	13.155	0.150	1.28900	1.38549	0.05916	0.05916	2.66042	2.66042
0.275	21.926	0.250	1.30900	1.32980	0.06684	0.06684	0.09686	0.09686
0.275	30.696	0.350	1.19400	1.28815	0.05620	0.05620	2.80636	2.80636
0.275	39.466	0.450	1.23000	1.25393	0.05528	0.05528	0.18733	0.18733
0.275	48.237	0.550	1.17200	1.22554	0.05695	0.05695	0.88375	0.88375
0.275	57.007	0.650	1.18500	1.20141	0.06376	0.06376	0.06626	0.06626
0.275	65.777	0.750	1.05200	1.18075	0.07410	0.07410	3.01898	3.01898
0.275	74.548	0.850	1.03800	1.16303	0.12830	0.12830	0.94967	0.94967
0.350	8.372	0.075	1.06100	1.10563	0.05217	0.05217	0.73169	0.73169
0.350	16.743	0.150	1.04800	1.03688	0.03838	0.03838	0.08401	0.08401
0.350	27.905	0.250	0.87050	0.98281	0.03657	0.03657	9.43085	9.43085
0.350	39.068	0.350	0.84900	0.94554	0.03798	0.03798	6.46125	6.46125
0.350	50.230	0.450	0.88770	0.91681	0.03718	0.03718	0.61300	0.61300
0.350	61.392	0.550	0.84110	0.89342	0.03995	0.03995	1.71525	1.71525
0.350	72.554	0.650	0.79400	0.87377	0.03838	0.03838	4.31940	4.31940
0.350	83.716	0.750	0.83650	0.85692	0.05131	0.05131	0.15832	0.15832
0.450	10.764	0.075	0.65610	0.69438	0.04585	0.04585	0.69693	0.69693
0.450	21.527	0.150	0.63310	0.63012	0.03203	0.03203	0.00866	0.00866
0.450	35.879	0.250	0.56650	0.58633	0.02751	0.02751	0.51951	0.51951
0.450	50.230	0.350	0.47960	0.55817	0.02917	0.02917	7.25503	7.25503
0.450	64.581	0.450	0.51380	0.53738	0.02762	0.02762	0.72885	0.72885
0.450	78.933	0.550	0.45940	0.52088	0.03057	0.03057	4.04517	4.04517
0.450	93.284	0.650	0.41230	0.50721	0.03416	0.03416	7.71983	7.71983
0.450	107.635	0.750	0.45020	0.49555	0.05470	0.05470	0.68733	0.68733
0.550	26.311	0.150	0.30240	0.33194	0.02083	0.02083	2.01173	2.01173
0.550	43.852	0.250	0.23150	0.30199	0.01694	0.01694	17.31602	17.31602
0.550	61.392	0.350	0.25380	0.28384	0.01913	0.01913	2.46601	2.46601
0.550	78.933	0.450	0.23590	0.27089	0.02204	0.02204	2.52016	2.52016
0.550	96.473	0.550	0.22030	0.26083	0.02249	0.02249	3.24834	3.24834
0.550	114.014	0.650	0.20960	0.25262	0.02549	0.02549	2.84832	2.84832
0.550	131.554	0.750	0.26910	0.24567	0.04466	0.04466	0.27513	0.27513
0.650	31.095	0.150	0.16740	0.14561	0.01393	0.01393	2.44638	2.44638
0.650	51.825	0.250	0.12490	0.12870	0.01194	0.01194	0.10155	0.10155
0.650	72.554	0.350	0.08965	0.11905	0.01166	0.01166	6.35559	6.35559
0.650	93.284	0.450	0.08923	0.11238	0.01394	0.01394	2.75869	2.75869
0.650	114.014	0.550	0.09471	0.10733	0.01506	0.01506	0.70205	0.70205
0.650	134.744	0.650	0.07378	0.10327	0.01961	0.01961	2.26076	2.26076
0.015	4.023	0.750	1.39900	1.21094	0.06943	0.06943	7.33670	7.33670
0.015	4.560	0.850	1.31000	1.16394	0.06528	0.06528	5.00581	5.00581
0.015	5.016	0.935	1.19700	1.12908	0.18600	0.18600	0.13336	0.13336
0.045	4.010	0.250	1.92000	1.81111	0.07415	0.07415	2.15641	2.15641
0.045	5.614	0.350	1.85000	1.79425	0.07537	0.07537	0.54709	0.54709
0.045	7.218	0.450	1.96900	1.75688	0.07200	0.07200	8.67939	8.67939
0.045	8.822	0.550	1.83200	1.71271	0.07453	0.07453	2.56195	2.56195
0.045	10.426	0.650	1.67800	1.66908	0.07386	0.07386	0.01459	0.01459
0.045	12.030	0.750	1.71300	1.62870	0.07768	0.07768	1.17762	1.17762
0.045	13.634	0.850	1.78400	1.59546	0.08300	0.08300	5.16004	5.16004
0.080	4.277	0.150	2.00200	1.94717	0.06801	0.06801	0.64996	0.64996
0.080	7.129	0.250	2.02700	1.94965	0.08076	0.08076	0.91744	0.91744
0.080	9.980	0.350	2.02200	1.91748	0.06792	0.06792	2.36799	2.36799
0.080	12.832	0.450	1.83200	1.87581	0.06638	0.06638	0.43549	0.43549
0.080	15.683	0.550	1.87500	1.83308	0.06677	0.06677	0.39421	0.39421
0.080	18.535	0.650	1.82900	1.79348	0.06993	0.06993	0.25794	0.25794
0.080	21.386	0.750	1.78300	1.75912	0.07635	0.07635	0.09780	0.09780
0.080	24.238	0.850	1.76000	1.73129	0.08859	0.08859	0.10499	0.10499
0.125	6.683	0.150	1.86600	1.94972	0.05997	0.05997	1.94881	1.94881
0.125	11.139	0.250	1.83900	1.92256	0.05847	0.05847	2.04257	2.04257
0.125	15.594	0.350	1.91400	1.88142	0.07096	0.07096	0.21079	0.21079
0.125	20.050	0.450	1.91400	1.83907	0.06757	0.06757	1.22974	1.22974
0.125	24.505	0.550	1.74200	1.79929	0.05978	0.05978	0.91841	0.91841
0.125	28.961	0.650	1.66600	1.76398	0.06849	0.06849	2.04671	2.04671
0.125	33.416	0.750	1.66200	1.73397	0.07814	0.07814	0.84833	0.84833
0.125	37.872	0.850	1.70700	1.70967	0.09640	0.09640	0.00077	0.00077
0.175	4.678	0.075	1.92600	1.83141	0.09041	0.09041	1.09457	1.09457
0.175	9.357	0.150	1.86300	1.81375	0.06225	0.06225	0.62601	0.62601
0.175	15.594	0.250	1.69100	1.76899	0.06484	0.06484	1.44657	1.44657
0.175	21.832	0.350	1.65900	1.72449	0.05799	0.05799	1.27540	1.27540
0.175	28.070	0.450	1.59100	1.68399	0.07080	0.07080	1.72525	1.72525
0.175	34.307	0.550	1.65100	1.64818	0.06169	0.06169	0.00208	0.00208
0.175	40.545	0.650	1.59600	1.61712	0.06579	0.06579	0.10307	0.10307
0.175	46.783	0.750	1.44800	1.59072	0.06755	0.06755	4.46419	4.46419
0.175	53.020	0.850	1.58700	1.56888	0.09565	0.09565	0.03590	0.03590
0.225	6.015	0.075	1.54200	1.65374	0.08517	0.08517	1.72130	1.72130
0.225	12.030	0.150	1.59800	1.60925	0.05882	0.05882	0.03656	0.03656
0.225	20.050	0.250	1.52200	1.55572	0.05828	0.05828	0.33474	0.33474
0.225	28.070	0.350	1.47800	1.51138	0.05588	0.05588	0.35678	0.35678
0.225	36.090	0.450	1.43600	1.47381	0.06529	0.06529	0.33542	0.33542
0.225	44.109	0.550	1.46600	1.44170	0.06002	0.06002	0.16394	0.16394
0.225	52.129	0.650	1.32800	1.41418	0.06119	0.06119	1.98358	1.98358
0.225	60.149	0.750	1.26000	1.39069	0.07675	0.07675	2.89944	2.89944
0.225	68.169	0.850	1.37200	1.37082	0.10980	0.10980	0.00011	0.00011
0.275	7.352	0.075	1.49200	1.43723	0.09719	0.09719	0.31753	0.31753
0.275	14.703	0.150	1.32900	1.37696	0.05183	0.05183	0.85632	0.85632
0.275	24.505	0.250	1.30100	1.32044	0.05438	0.05438	0.12776	0.12776
0.275	34.307	0.350	1.22200	1.27800	0.05880	0.05880	0.90712	0.90712
0.275	44.109	0.450	1.24800	1.24371	0.05760	0.05760	0.00554	0.00554
0.275	53.912	0.550	1.12400	1.21508	0.05353	0.05353	2.89503	2.89503
0.275	63.714	0.650	1.16500	1.19075	0.06375	0.06375	0.16310	0.16310
0.275	73.516	0.750	1.07700	1.16989	0.07965	0.07965	1.36014	1.36014
0.275	83.318	0.850	1.19100	1.15198	0.13600	0.13600	0.08230	0.08230
0.350	9.357	0.075	1.15200	1.09567	0.05330	0.05330	1.11711	1.11711
0.350	18.713	0.150	0.98090	1.02637	0.03395	0.03395	1.79371	1.79371
0.350	31.189	0.250	0.96080	0.97234	0.03990	0.03990	0.08370	0.08370
0.350	43.664	0.350	0.85310	0.93501	0.03232	0.03232	6.42218	6.42218
0.350	56.139	0.450	0.85340	0.90622	0.03861	0.03861	1.87169	1.87169
0.350	68.615	0.550	0.77020	0.88278	0.03415	0.03415	10.86714	10.86714
0.350	81.090	0.650	0.82590	0.86305	0.04090	0.04090	0.82509	0.82509
0.350	93.566	0.750	0.77140	0.84612	0.04680	0.04680	2.54902	2.54902
0.450	12.030	0.075	0.75390	0.68377	0.04570	0.04570	2.35524	2.35524
0.450	24.060	0.150	0.61430	0.62072	0.02858	0.02858	0.05051	0.05051
0.450	40.099	0.250	0.56840	0.57742	0.02937	0.02937	0.09433	0.09433
0.450	56.139	0.350	0.46120	0.54953	0.02341	0.02341	14.23688	14.23688
0.450	72.179	0.450	0.47340	0.52890	0.02700	0.02700	4.22468	4.22468
0.450	88.219	0.550	0.50900	0.51249	0.03360	0.03360	0.01078	0.01078
0.450	104.259	0.650	0.43420	0.49886	0.03527	0.03527	3.36113	3.36113
0.450	120.299	0.750	0.47560	0.48721	0.06155	0.06155	0.03560	0.03560
0.550	14.703	0.075	0.35100	0.37169	0.02893	0.02893	0.51142	0.51142
0.550	29.406	0.150	0.28930	0.32516	0.01730	0.01730	4.29593	4.29593
0.550	49.011	0.250	0.28280	0.29596	0.01849	0.01849	0.50640	0.50640
0.550	68.615	0.350	0.25690	0.27818	0.01877	0.01877	1.28508	1.28508
0.550	88.219	0.450	0.26290	0.26544	0.01959	0.01959	0.01684	0.01684
0.550	107.823	0.550	0.22430	0.25552	0.02181	0.02181	2.04945	2.04945
0.550	127.427	0.650	0.19000	0.24740	0.02318	0.02318	6.13096	6.13096
0.550	147.031	0.750	0.18940	0.24051	0.03449	0.03449	2.19566	2.19566
0.650	34.753	0.150	0.12280	0.14163	0.01201	0.01201	2.45939	2.45939
0.650	57.922	0.250	0.12280	0.12541	0.01286	0.01286	0.04104	0.04104
0.650	81.090	0.350	0.11900	0.11606	0.01316	0.01316	0.04994	0.04994
0.650	104.259	0.450	0.10770	0.10958	0.01377	0.01377	0.01859	0.01859
0.650	127.427	0.550	0.09459	0.10464	0.01452	0.01452	0.47885	0.47885
0.650	150.596	0.650	0.11310	0.10065	0.01833	0.01833	0.46117	0.46117
0.015	4.553	0.750	1.51200	1.24725	0.05412	0.05412	23.93159	23.93159
0.015	5.160	0.850	1.41400	1.19972	0.05221	0.05221	16.84446	16.84446
0.015	5.676	0.935	1.40400	1.16476	0.15870	0.15870	2.27264	2.27264
0.045	4.538	0.250	1.96500	1.84359	0.05828	0.05828	4.33962	4.33962
0.045	6.353	0.350	2.00700	1.82360	0.06769	0.06769	7.34126	7.34126
0.045	8.168	0.450	1.99700	1.78375	0.06349	0.06349	11.28146	11.28146
0.045	9.983	0.550	1.87100	1.73763	0.05886	0.05886	5.13415	5.13415
0.045	11.798	0.650	1.82800	1.69206	0.06496	0.06496	4.37923	4.37923
0.045	13.613	0.750	1.74200	1.65101	0.05765	0.05765	2.49108	2.49108
0.045	15.428	0.850	1.73100	1.61702	0.06701	0.06701	2.89329	2.89329
0.045	16.971	0.935	1.68600	1.59497	0.17830	0.17830	0.26067	0.26067
0.080	4.840	0.150	2.08800	1.97032	0.05877	0.05877	4.00984	4.00984
0.080	8.067	0.250	1.97000	1.96807	0.05567	0.05567	0.00120	0.00120
0.080	11.294	0.350	1.96200	1.93290	0.05883	0.05883	0.24475	0.24475
0.080	14.520	0.450	1.97200	1.88907	0.05523	0.05523	2.25467	2.25467
0.080	17.747	0.550	1.79300	1.84480	0.05741	0.05741	0.81405	0.81405
0.080	20.974	0.650	1.85500	1.80394	0.05475	0.05475	0.86988	0.86988
0.080	24.200	0.750	1.68900	1.76850	0.06332	0.06332	1.57654	1.57654
0.080	27.427	0.850	1.64500	1.74004	0.05975	0.05975	2.53019	2.53019
0.125	7.563	0.150	1.89000	1.95943	0.04763	0.04763	2.12480	2.12480
0.125	12.604	0.250	1.84200	1.92837	0.05143	0.05143	2.82046	2.82046
0.125	17.646	0.350	1.94000	1.88500	0.06003	0.06003	0.83932	0.83932
0.125	22.688	0.450	1.80700	1.84103	0.04791	0.04791	0.50442	0.50442
0.125	27.730	0.550	1.75400	1.80016	0.05303	0.05303	0.75769	0.75769
0.125	32.771	0.650	1.75000	1.76404	0.05054	0.05054	0.07722	0.07722
0.125	37.813	0.750	1.63300	1.73340	0.05579	0.05579	3.23842	3.23842
0.125	42.855	0.850	1.63900	1.70859	0.06946	0.06946	1.00384	1.00384
0.175	5.294	0.075	1.84800	1.83631	0.07248	0.07248	0.02600	0.02600
0.175	10.588	0.150	1.72100	1.81363	0.05123	0.05123	3.26925	3.26925
0.175	17.646	0.250	1.73200	1.76608	0.04841	0.04841	0.49552	0.49552
0.175	24.705	0.350	1.67000	1.72006	0.04557	0.04557	1.20683	1.20683
0.175	31.763	0.450	1.59800	1.67858	0.05189	0.05189	2.41131	2.41131
0.175	38.821	0.550	1.58600	1.64205	0.04853	0.04853	1.33405	1.33405
0.175	45.880	0.650	1.42900	1.61044	0.04646	0.04646	15.25074	15.25074
0.175	52.938	0.750	1.53300	1.58358	0.05287	0.05287	0.91534	0.91534
0.175	59.997	0.850	1.55300	1.56134	0.07806	0.07806	0.01142	0.01142
0.225	6.806	0.075	1.65200	1.65108	0.07331	0.07331	0.00016	0.00016
0.225	13.613	0.150	1.49400	1.60299	0.04592	0.04592	5.63365	5.63365
0.225	22.688	0.250	1.56600	1.54774	0.04487	0.04487	0.16565	0.16565
0.225	31.763	0.350	1.36500	1.50245	0.04697	0.04697	8.56379	8.56379
0.225	40.838	0.450	1.42800	1.46423	0.05021	0.05021	0.52070	0.52070
0.225	49.913	0.550	1.32700	1.43165	0.04502	0.04502	5.40337	5.40337
0.225	58.988	0.650	1.26800	1.40375	0.04710	0.04710	8.30678	8.30678
0.225	68.064	0.750	1.29100	1.37992	0.05231	0.05231	2.88969	2.88969
0.225	77.139	0.850	1.29500	1.35975	0.08646	0.08646	0.56084	0.56084
0.275	8.319	0.075	1.45600	1.42968	0.08157	0.08157	0.10412	0.10412
0.275	16.638	0.150	1.27700	1.36718	0.04384	0.04384	4.23092	4.23092
0.275	27.730	0.250	1.29500	1.30978	0.04320	0.04320	0.11709	0.11709
0.275	38.821	0.350	1.22400	1.26680	0.04648	0.04648	0.84779	0.84779
0.275	49.913	0.450	1.21700	1.23215	0.05269	0.05269	0.08263	0.08263
0.275	61.005	0.550	1.16400	1.20323	0.04661	0.04661	0.70827	0.70827
0.275	72.097	0.650	1.15400	1.17864	0.05746	0.05746	0.18389	0.18389
0.275	83.189	0.750	1.05200	1.15756	0.05744	0.05744	3.37749	3.37749
0.275	94.281	0.850	1.00600	1.13941	0.08025	0.08025	2.76356	2.76356
0.350	10.588	0.075	1.14300	1.08444	0.04871	0.04871	1.44515	1.44515
0.350	21.175	0.150	0.95180	1.01475	0.03070	0.03070	4.20446	4.20446
0.350	35.292	0.250	0.93080	0.96068	0.02806	0.02806	1.13372	1.13372
0.350	49.409	0.350	0.89130	0.92326	0.02668	0.02668	1.43454	1.43454
0.350	63.526	0.450	0.84240	0.89440	0.03004	0.03004	2.99622	2.99622
0.350	77.643	0.550	0.80920	0.87087	0.02764	0.02764	4.97746	4.97746
0.350	91.760	0.650	0.81500	0.85104	0.03014	0.03014	1.42958	1.42958
0.350	105.877	0.750	0.82160	0.83399	0.03612	0.03612	0.11759	0.11759
0.350	119.994	0.850	0.69890	0.81913	0.08437	0.08437	2.03082	2.03082
0.450	13.613	0.075	0.65910	0.67219	0.03460	0.03460	0.14306	0.14306
0.450	27.225	0.150	0.60440	0.61042	0.02320	0.02320	0.06740	0.06740
0.450	45.376	0.250	0.50950	0.56764	0.02357	0.02357	6.08422	6.08422
0.450	63.526	0.350	0.48790	0.54002	0.02298	0.02298	5.14359	5.14359
0.450	81.676	0.450	0.47750	0.51953	0.02470	0.02470	2.89527	2.89527
0.450	99.827	0.550	0.47610	0.50319	0.02329	0.02329	1.35325	1.35325
0.450	117.977	0.650	0.42560	0.48959	0.02744	0.02744	5.43827	5.43827
0.450	136.127	0.750	0.51790	0.47793	0.03377	0.03377	1.40061	1.40061
0.550	16.638	0.075	0.35900	0.36252	0.02569	0.02569	0.01881	0.01881
0.550	33.276	0.150	0.30100	0.31784	0.01607	0.01607	1.09811	1.09811
0.550	55.459	0.250	0.27160	0.28941	0.01617	0.01617	1.21377	1.21377
0.550	77.643	0.350	0.25680	0.27201	0.01575	0.01575	0.93247	0.93247
0.550	99.827	0.450	0.23200	0.25948	0.01522	0.01522	3.26108	3.26108
0.550	122.010	0.550	0.23150	0.24969	0.01632	0.01632	1.24278	1.24278
0.550	144.194	0.650	0.25160	0.24164	0.01982	0.01982	0.25237	0.25237
0.550	166.378	0.750	0.19800	0.23480	0.02620	0.02620	1.97267	1.97267
0.650	39.326	0.150	0.12090	0.13742	0.00908	0.00908	3.31354	3.31354
0.650	65.543	0.250	0.10960	0.12188	0.00843	0.00843	2.11876	2.11876
0.650	91.760	0.350	0.11180	0.11284	0.00958	0.00958	0.01185	0.01185
0.650	117.977	0.450	0.10320	0.10654	0.00988	0.00988	0.11419	0.11419
0.650	144.194	0.550	0.09326	0.10171	0.01074	0.01074	0.61929	0.61929
0.650	170.411	0.650	0.09267	0.09780	0.01295	0.01295	0.15692	0.15692
0.650	196.628	0.750	0.10540	0.09451	0.02489	0.02489	0.19144	0.19144
0.015	4.496	0.650	1.65200	1.33864	0.06559	0.06559	22.82571	22.82571
0.015	5.188	0.750	1.48900	1.28593	0.06167	0.06167	10.84308	10.84308
0.015	5.880	0.850	1.45500	1.23778	0.06241	0.06241	12.11414	12.11414
0.015	6.468	0.935	1.52600	1.20267	0.12240	0.12240	6.97787	6.97787
0.045	5.171	0.250	1.89100	1.87719	0.07359	0.07359	0.03520	0.03520
0.045	7.239	0.350	1.99200	1.85381	0.06633	0.06633	4.34026	4.34026
0.045	9.307	0.450	1.93300	1.81130	0.06514	0.06514	3.49039	3.49039
0.045	11.376	0.550	1.92800	1.76309	0.07322	0.07322	5.07271	5.07271
0.045	13.444	0.650	1.88700	1.71590	0.06916	0.06916	6.12021	6.12021
0.045	15.512	0.750	1.71900	1.67367	0.07101	0.07101	0.40746	0.40746
0.045	17.580	0.850	1.72500	1.63886	0.07531	0.07531	1.30819	1.30819
0.045	19.339	0.935	1.58000	1.61638	0.15310	0.15310	0.05647	0.05647
0.080	5.515	0.150	2.04500	1.99364	0.06169	0.06169	0.69307	0.69307
0.080	9.192	0.250	2.06700	1.98648	0.06097	0.06097	1.74392	1.74392
0.080	12.869	0.350	1.99600	1.94818	0.06346	0.06346	0.56792	0.56792
0.080	16.546	0.450	1.92500	1.90210	0.06430	0.06430	0.12683	0.12683
0.080	20.223	0.550	2.00600	1.85617	0.07237	0.07237	4.28615	4.28615
0.080	23.900	0.650	1.89200	1.81384	0.06251	0.06251	1.56339	1.56339
0.080	27.577	0.750	1.79200	1.77806	0.06831	0.06831	0.04164	0.04164
0.080	31.254	0.850	1.69800	1.74830	0.07440	0.07440	0.45712	0.45712
0.080	34.380	0.935	1.83200	1.72973	0.18000	0.18000	0.32279	0.32279
0.125	4.309	0.075	1.92600	1.95601	0.07362	0.07362	0.16619	0.16619
0.125	8.618	0.150	1.89500	1.96861	0.05867	0.05867	1.57409	1.57409
0.125	14.363	0.250	1.81500	1.93359	0.05510	0.05510	4.63210	4.63210
0.125	20.108	0.350	1.87200	1.88791	0.05286	0.05286	0.09055	0.09055
0.125	25.854	0.450	1.70700	1.84226	0.05109	0.05109	7.00914	7.00914
0.125	31.599	0.550	1.77500	1.80028	0.06122	0.06122	0.17046	0.17046
0.125	37.344	0.650	1.73200	1.76331	0.05994	0.05994	0.27290	0.27290
0.125	43.089	0.750	1.70800	1.73200	0.05713	0.05713	0.17645	0.17645
0.125	48.835	0.850	1.67600	1.70665	0.06658	0.06658	0.21194	0.21194
0.125	53.718	0.935	1.75800	1.68992	0.19000	0.19000	0.12838	0.12838
0.175	6.033	0.075	1.86800	1.84037	0.07825	0.07825	0.12466	0.12466
0.175	12.065	0.150	1.70100	1.81269	0.05422	0.05422	4.24306	4.24306
0.175	20.108	0.250	1.67000	1.76231	0.05108	0.05108	3.26570	3.26570
0.175	28.152	0.350	1.74100	1.71474	0.06143	0.06143	0.18269	0.18269
0.175	36.195	0.450	1.59300	1.67224	0.04956	0.04956	2.55637	2.55637
0.175	44.238	0.550	1.52600	1.63497	0.04887	0.04887	4.97189	4.97189
0.175	52.282	0.650	1.58100	1.60276	0.05386	0.05386	0.16325	0.16325
0.175	60.325	0.750	1.55500	1.57541	0.06398	0.06398	0.10179	0.10179
0.175	68.368	0.850	1.47500	1.55273	0.07743	0.07743	1.00779	1.00779
0.225	7.756	0.075	1.62000	1.64743	0.07150	0.07150	0.14713	0.14713
0.225	15.512	0.150	1.56600	1.59580	0.05179	0.05179	0.33118	0.33118
0.225	25.854	0.250	1.36100	1.53884	0.04882	0.04882	13.27018	13.27018
0.225	36.195	0.350	1.34600	1.49254	0.04846	0.04846	9.14408	9.14408
0.225	46.537	0.450	1.34300	1.45369	0.04723	0.04723	5.49230	5.49230
0.225	56.878	0.550	1.33100	1.42060	0.05123	0.05123	3.05902	3.05902
0.225	67.219	0.650	1.35600	1.39228	0.05119	0.05119	0.50223	0.50223
0.225	77.561	0.750	1.37200	1.36807	0.06481	0.06481	0.00368	0.00368
0.225	87.902	0.850	1.32000	1.34754	0.07449	0.07449	0.13668	0.13668
0.275	9.480	0.075	1.36700	1.42116	0.06949	0.06949	0.60734	0.60734
0.275	18.959	0.150	1.30700	1.35651	0.04671	0.04671	1.12361	1.12361
0.275	31.599	0.250	1.30300	1.29825	0.05613	0.05613	0.00715	0.00715
0.275	44.238	0.350	1.22000	1.25470	0.04534	0.04534	0.58588	0.58588
0.275	56.878	0.450	1.19100	1.21966	0.04681	0.04681	0.37493	0.37493
0.275	69.518	0.550	1.09000	1.19042	0.04562	0.04562	4.84526	4.84526
0.275	82.157	0.650	1.09500	1.16554	0.04697	0.04697	2.25522	2.25522
0.275	94.797	0.750	1.04900	1.14416	0.06416	0.06416	2.19981	2.19981
0.275	107.436	0.850	1.01400	1.12574	0.09185	0.09185	1.47989	1.47989
0.350	12.065	0.075	1.10800	1.07244	0.05290	0.05290	0.45184	0.45184
0.350	24.130	0.150	0.97120	1.00258	0.03071	0.03071	1.04406	1.04406
0.350	40.217	0.250	0.89420	0.94830	0.03183	0.03183	2.88926	2.88926
0.350	56.303	0.350	0.80680	0.91078	0.03047	0.03047	11.64591	11.64591
0.350	72.390	0.450	0.83890	0.88182	0.03111	0.03111	1.90338	1.90338
0.350	88.477	0.550	0.78550	0.85816	0.02846	0.02846	6.51870	6.51870
0.350	104.564	0.650	0.79990	0.83819	0.03382	0.03382	1.28187	1.28187
0.350	120.650	0.750	0.82740	0.82098	0.04057	0.04057	0.02505	0.02505
0.350	136.737	0.850	0.74770	0.80595	0.05894	0.05894	0.97672	0.97672
0.450	15.512	0.075	0.65200	0.66019	0.03675	0.03675	0.04969	0.04969
0.450	31.024	0.150	0.52650	0.59969	0.02188	0.02188	11.19070	11.19070
0.450	51.707	0.250	0.54140	0.55742	0.02125	0.02125	0.56858	0.56858
0.450	72.390	0.350	0.52630	0.53005	0.02304	0.02304	0.02651	0.02651
0.450	93.073	0.450	0.47440	0.50968	0.02160	0.02160	2.66775	2.66775
0.450	113.756	0.550	0.44670	0.49339	0.02101	0.02101	4.93782	4.93782
0.450	134.439	0.650	0.43180	0.47978	0.02489	0.02489	3.71572	3.71572
0.450	155.122	0.750	0.44330	0.46808	0.03330	0.03330	0.55391	0.55391
0.550	18.959	0.075	0.39510	0.35326	0.02732	0.02732	2.34565	2.34565
0.550	37.919	0.150	0.31260	0.31035	0.01787	0.01787	0.01590	0.01590
0.550	63.198	0.250	0.26770	0.28267	0.01487	0.01487	1.01343	1.01343
0.550	88.477	0.350	0.24990	0.26562	0.01496	0.01496	1.10361	1.10361
0.550	113.756	0.450	0.22130	0.25328	0.01575	0.01575	4.12370	4.12370
0.550	139.035	0.550	0.20070	0.24360	0.01501	0.01501	8.16864	8.16864
0.550	164.314	0.650	0.19980	0.23561	0.01715	0.01715	4.35938	4.35938
0.550	189.593	0.750	0.19270	0.22879	0.02112	0.02112	2.91995	2.91995
0.650	22.406	0.075	0.17040	0.15837	0.01601	0.01601	0.56504	0.56504
0.650	44.813	0.150	0.13240	0.13318	0.01076	0.01076	0.00529	0.00529
0.650	74.688	0.250	0.11390	0.11829	0.01053	0.01053	0.17346	0.17346
0.650	104.564	0.350	0.10100	0.10955	0.01079	0.01079	0.62771	0.62771
0.650	134.439	0.450	0.08933	0.10341	0.01131	0.01131	1.54988	1.54988
0.650	164.314	0.550	0.10270	0.09868	0.01199	0.01199	0.11225	0.11225
0.650	194.189	0.650	0.09578	0.09484	0.01318	0.01318	0.00514	0.00514
0.650	224.065	0.750	0.07566	0.09159	0.01737	0.01737	0.84068	0.84068
0.015	4.270	0.550	1.53300	1.42861	0.07095	0.07095	2.16490	2.16490
0.015	5.047	0.650	1.59400	1.37405	0.07654	0.07654	8.25820	8.25820
0.015	5.823	0.750	1.52200	1.32033	0.07040	0.07040	8.20645	8.20645
0.015	6.600	0.850	1.42800	1.27158	0.07245	0.07245	4.66160	4.66160
0.015	7.260	0.935	1.39300	1.23647	0.13310	0.13310	1.38306	1.38306
0.045	5.804	0.250	1.91700	1.90627	0.08457	0.08457	0.01611	0.01611
0.045	8.125	0.350	2.08000	1.87983	0.08081	0.08081	6.13576	6.13576
0.045	10.447	0.450	1.80200	1.83494	0.08205	0.08205	0.16114	0.16114
0.045	12.769	0.550	1.93300	1.78483	0.08111	0.08111	3.33730	3.33730
0.045	15.090	0.650	1.80400	1.73621	0.07556	0.07556	0.80498	0.80498
0.045	17.412	0.750	1.81000	1.69291	0.07983	0.07983	2.15133	2.15133
0.045	19.733	0.850	1.85200	1.65737	0.08821	0.08821	4.86861	4.86861
0.045	21.706	0.935	1.72800	1.63433	0.15870	0.15870	0.34837	0.34837
0.080	6.191	0.150	2.09100	2.01332	0.08710	0.08710	0.79534	0.79534
0.080	10.318	0.250	2.01600	2.00155	0.07284	0.07284	0.03934	0.03934
0.080	14.445	0.350	1.98600	1.96077	0.08302	0.08302	0.09238	0.09238
0.080	18.572	0.450	1.95100	1.91277	0.06972	0.06972	0.30072	0.30072
0.080	22.700	0.550	1.97900	1.86520	0.07882	0.07882	2.08449	2.08449
0.080	26.827	0.650	1.85500	1.82179	0.07642	0.07642	0.18888	0.18888
0.080	30.954	0.750	1.77400	1.78461	0.08075	0.08075	0.01727	0.01727
0.080	35.081	0.850	1.83400	1.75482	0.08774	0.08774	0.81436	0.81436
0.080	38.589	0.935	1.92300	1.73586	0.18450	0.18450	1.02881	1.02881
0.125	4.837	0.075	1.91900	1.96874	0.09346	0.09346	0.28326	0.28326
0.125	9.673	0.150	1.99000	1.97583	0.06819	0.06819	0.04317	0.04317
0.125	16.122	0.250	1.90400	1.93740	0.06350	0.06350	0.27662	0.27662
0.125	22.571	0.350	1.85200	1.88963	0.06850	0.06850	0.30177	0.30177
0.125	29.019	0.450	1.86000	1.84265	0.06817	0.06817	0.06481	0.06481
0.125	35.468	0.550	1.82800	1.79969	0.06455	0.06455	0.19232	0.19232
0.125	41.917	0.650	1.65500	1.76198	0.06380	0.06380	2.81188	2.81188
0.125	48.366	0.750	1.69500	1.73007	0.07402	0.07402	0.22454	0.22454
0.125	54.814	0.850	1.64700	1.70423	0.08449	0.08449	0.45889	0.45889
0.125	60.296	0.935	2.10100	1.68715	0.19270	0.19270	4.61234	4.61234
0.175	6.771	0.075	1.66300	1.84305	0.09363	0.09363	3.69802	3.69802
0.175	13.542	0.150	1.70200	1.81113	0.06158	0.06158	3.14056	3.14056
0.175	22.571	0.250	1.56000	1.75839	0.06661	0.06661	8.87112	8.87112
0.175	31.599	0.350	1.62000	1.70950	0.06812	0.06812	1.72636	1.72636
0.175	40.627	0.450	1.57100	1.66611	0.06640	0.06640	2.05187	2.05187
0.175	49.655	0.550	1.58700	1.62818	0.06383	0.06383	0.41624	0.41624
0.175	58.684	0.650	1.50000	1.59544	0.06086	0.06086	2.45921	2.45921
0.175	67.712	0.750	1.52600	1.56763	0.07269	0.07269	0.32801	0.32801
0.175	76.740	0.850	1.52200	1.54454	0.07587	0.07587	0.08826	0.08826
0.175	84.414	0.935	1.00100	1.52848	0.19040	0.19040	7.67511	7.67511
0.225	8.706	0.075	1.57300	1.64352	0.08586	0.08586	0.67461	0.67461
0.225	17.412	0.150	1.44400	1.58900	0.06002	0.06002	5.83639	5.83639
0.225	29.019	0.250	1.45500	1.53059	0.05715	0.05715	1.74937	1.74937
0.225	40.627	0.350	1.41500	1.48343	0.05923	0.05923	1.33492	1.33492
0.225	52.235	0.450	1.40600	1.44400	0.06357	0.06357	0.35726	0.35726
0.225	63.843	0.550	1.41600	1.41045	0.06341	0.06341	0.00766	0.00766
0.225	75.450	0.650	1.31900	1.38173	0.06078	0.06078	1.06507	1.06507
0.225	87.058	0.750	1.36200	1.35715	0.06874	0.06874	0.00497	0.00497
0.225	98.666	0.850	1.30700	1.33627	0.07490	0.07490	0.15277	0.15277
0.275	10.640	0.075	1.28700	1.41322	0.08194	0.08194	2.37274	2.37274
0.275	21.281	0.150	1.29200	1.34690	0.06332	0.06332	0.75184	0.75184
0.275	35.468	0.250	1.16400	1.28783	0.05216	0.05216	5.63633	5.63633
0.275	49.655	0.350	1.20800	1.24379	0.05462	0.05462	0.42941	0.42941
0.275	63.843	0.450	1.07200	1.20839	0.04800	0.04800	8.07353	8.07353
0.275	78.030	0.550	1.16800	1.17883	0.05548	0.05548	0.03811	0.03811
0.275	92.217	0.650	1.04600	1.15366	0.06994	0.06994	2.36929	2.36929
0.275	106.404	0.750	1.01100	1.13199	0.05935	0.05935	4.15605	4.15605
0.275	120.592	0.850	0.96890	1.11328	0.07641	0.07641	3.57056	3.57056
0.350	13.542	0.075	0.94970	1.06173	0.05728	0.05728	3.82497	3.82497
0.350	27.085	0.150	0.92480	0.99176	0.03660	0.03660	3.34695	3.34695
0.350	45.141	0.250	0.92680	0.93732	0.03683	0.03683	0.08159	0.08159
0.350	63.198	0.350	0.84260	0.89969	0.03505	0.03505	2.65321	2.65321
0.350	81.254	0.450	0.79710	0.87061	0.03432	0.03432	4.58747	4.58747
0.350	99.311	0.550	0.80480	0.84681	0.03589	0.03589	1.36998	1.36998
0.350	117.367	0.650	0.70380	0.82667	0.03328	0.03328	13.63176	13.63176
0.350	135.424	0.750	0.78690	0.80928	0.04141	0.04141	0.29221	0.29221
0.350	153.480	0.850	0.77600	0.79407	0.06702	0.06702	0.07267	0.07267
0.450	17.412	0.075	0.59160	0.64978	0.03594	0.03594	2.62081	2.62081
0.450	34.823	0.150	0.54290	0.59033	0.02725	0.02725	3.02979	3.02979
0.450	58.039	0.250	0.45180	0.54848	0.02478	0.02478	15.22273	15.22273
0.450	81.254	0.350	0.49770	0.52130	0.02681	0.02681	0.77455	0.77455
0.450	104.470	0.450	0.45730	0.50099	0.02378	0.02378	3.37623	3.37623
0.450	127.685	0.550	0.38700	0.48471	0.02433	0.02433	16.12777	16.12777
0.450	150.901	0.650	0.44810	0.47106	0.02737	0.02737	0.70401	0.70401
0.450	174.116	0.750	0.38170	0.45931	0.03444	0.03444	5.07812	5.07812
0.550	21.281	0.075	0.34200	0.34548	0.03463	0.03463	0.01007	0.01007
0.550	42.562	0.150	0.26530	0.30391	0.01896	0.01896	4.14633	4.14633
0.550	70.936	0.250	0.26500	0.27683	0.01893	0.01893	0.39083	0.39083
0.550	99.311	0.350	0.21870	0.26006	0.01750	0.01750	5.58451	5.58451
0.550	127.685	0.450	0.23290	0.24786	0.02042	0.02042	0.53699	0.53699
0.550	156.060	0.550	0.24530	0.23825	0.02282	0.02282	0.09539	0.09539
0.550	184.434	0.650	0.19590	0.23029	0.01965	0.01965	3.06319	3.06319
0.550	212.809	0.750	0.19660	0.22348	0.02294	0.02294	1.37290	1.37290
0.650	25.150	0.075	0.15280	0.15362	0.01585	0.01585	0.00267	0.00267
0.650	50.300	0.150	0.12590	0.12960	0.01069	0.01069	0.11974	0.11974
0.650	83.834	0.250	0.10550	0.11522	0.00959	0.00959	1.02733	1.02733
0.650	117.367	0.350	0.07861	0.10671	0.01094	0.01094	6.59946	6.59946
0.650	150.901	0.450	0.10440	0.10070	0.01139	0.01139	0.10541	0.10541
0.650	184.434	0.550	0.09959	0.09605	0.01319	0.01319	0.07207	0.07207
0.650	217.968	0.650	0.09278	0.09225	0.01324	0.01324	0.00162	0.00162
0.650	251.501	0.750	0.06608	0.08902	0.01690	0.01690	1.84319	1.84319
0.015	4.736	0.550	1.60300	1.46180	0.09786	0.09786	2.08199	2.08199
0.015	5.597	0.650	1.64200	1.40593	0.08822	0.08822	7.16036	7.16036
0.015	6.458	0.750	1.75500	1.35125	0.09699	0.09699	17.32888	17.32888
0.015	7.320	0.850	1.45800	1.30208	0.09528	0.09528	2.67782	2.67782
0.015	8.052	0.935	1.77800	1.26646	0.15110	0.15110	11.46120	11.46120
0.045	6.437	0.250	1.91900	1.93179	0.10730	0.10730	0.01421	0.01421
0.045	9.012	0.350	1.81400	1.90257	0.09636	0.09636	0.84478	0.84478
0.045	11.587	0.450	1.94100	1.85548	0.10440	0.10440	0.67094	0.67094
0.045	14.161	0.550	1.97400	1.80368	0.10010	0.10010	2.89501	2.89501
0.045	16.736	0.650	1.74300	1.75376	0.10300	0.10300	0.01092	0.01092
0.045	19.311	0.750	2.02200	1.70950	0.10080	0.10080	9.61125	9.61125
0.045	21.886	0.850	1.86600	1.67312	0.10380	0.10380	3.45282	3.45282
0.045	24.074	0.935	1.81700	1.64967	0.16750	0.16750	0.99801	0.99801
0.080	6.866	0.150	2.06000	2.03022	0.11250	0.11250	0.07009	0.07009
0.080	11.444	0.250	2.03200	2.01460	0.08828	0.08828	0.03883	0.03883
0.080	16.021	0.350	2.05500	1.97137	0.09974	0.09974	0.70300	0.70300
0.080	20.598	0.450	1.84800	1.92162	0.10420	0.10420	0.49913	0.49913
0.080	25.176	0.550	2.01300	1.87264	0.09494	0.09494	2.18580	2.18580
0.080	29.753	0.650	1.85700	1.82884	0.10090	0.10090	0.07787	0.07787
0.080	34.331	0.750	1.84800	1.79036	0.09782	0.09782	0.34723	0.34723
0.080	38.908	0.850	1.77700	1.76002	0.09002	0.09002	0.03560	0.03560
0.080	42.799	0.935	1.90700	1.74070	0.19210	0.19210	0.74942	0.74942
0.125	5.364	0.075	1.87500	1.97930	0.10800	0.10800	0.93273	0.93273
0.125	10.728	0.150	2.06300	1.98161	0.08768	0.08768	0.86170	0.86170
0.125	17.881	0.250	1.86700	1.94019	0.09279	0.09279	0.62217	0.62217
0.125	25.033	0.350	1.92300	1.89060	0.08047	0.08047	0.16213	0.16213
0.125	32.185	0.450	1.77500	1.84244	0.07665	0.07665	0.77404	0.77404
0.125	39.337	0.550	1.72600	1.79863	0.07535	0.07535	0.92921	0.92921
0.125	46.490	0.650	1.73000	1.76024	0.08133	0.08133	0.13827	0.13827
0.125	53.642	0.750	1.86300	1.72779	0.08384	0.08384	2.60081	2.60081
0.125	60.794	0.850	1.63700	1.70150	0.09184	0.09184	0.49326	0.49326
0.125	66.874	0.935	1.86700	1.68408	0.20210	0.20210	0.81923	0.81923
0.175	7.510	0.075	1.77400	1.84477	0.11770	0.11770	0.36150	0.36150
0.175	15.020	0.150	1.62300	1.80923	0.07554	0.07554	6.07770	6.07770
0.175	25.033	0.250	1.61300	1.75444	0.07674	0.07674	3.39691	3.39691
0.175	35.046	0.350	1.61000	1.70438	0.07801	0.07801	1.46378	1.46378
0.175	45.059	0.450	1.55700	1.66020	0.07069	0.07069	2.13147	2.13147
0.175	55.072	0.550	1.49200	1.62167	0.07489	0.07489	2.99801	2.99801
0.175	65.085	0.650	1.41300	1.58843	0.07267	0.07267	5.82802	5.82802
0.175	75.099	0.750	1.59900	1.56020	0.08065	0.08065	0.23148	0.23148
0.175	85.112	0.850	1.48700	1.53671	0.08635	0.08635	0.33145	0.33145
0.175	93.623	0.935	1.22600	1.52034	0.21670	0.21670	1.84492	1.84492
0.225	9.656	0.075	1.54300	1.63953	0.11300	0.11300	0.72976	0.72976
0.225	19.311	0.150	1.45100	1.58255	0.07865	0.07865	2.79775	2.79775
0.225	32.185	0.250	1.38200	1.52292	0.06713	0.06713	4.40656	4.40656
0.225	45.059	0.350	1.42200	1.47498	0.07642	0.07642	0.48066	0.48066
0.225	57.933	0.450	1.40300	1.43501	0.07437	0.07437	0.18528	0.18528
0.225	70.807	0.550	1.34300	1.40103	0.07019	0.07019	0.68354	0.68354
0.225	83.681	0.650	1.32300	1.37193	0.07554	0.07554	0.41948	0.41948
0.225	96.555	0.750	1.32300	1.34700	0.07859	0.07859	0.09324	0.09324
0.225	109.429	0.850	1.34900	1.32578	0.09943	0.09943	0.05456	0.05456
0.275	11.801	0.075	1.22900	1.40575	0.09609	0.09609	3.38336	3.38336
0.275	23.602	0.150	1.20800	1.33817	0.07272	0.07272	3.20426	3.20426
0.275	39.337	0.250	1.20900	1.27832	0.07456	0.07456	0.86431	0.86431
0.275	55.072	0.350	1.16700	1.23383	0.08919	0.08919	0.56146	0.56146
0.275	70.807	0.450	1.04700	1.19808	0.07310	0.07310	4.27148	4.27148
0.275	86.542	0.550	1.11600	1.16822	0.06618	0.06618	0.62250	0.62250
0.275	102.277	0.650	1.13400	1.14275	0.06569	0.06569	0.01773	0.01773
0.275	118.012	0.750	1.02400	1.12080	0.06711	0.06711	2.08047	2.08047
0.275	133.747	0.850	1.08200	1.10180	0.09324	0.09324	0.04510	0.04510
0.350	15.020	0.075	0.92580	1.05205	0.06197	0.06197	4.15076	4.15076
0.350	30.039	0.150	0.89810	0.98202	0.04878	0.04878	2.95956	2.95956
0.350	50.066	0.250	0.83690	0.92744	0.04401	0.04401	4.23207	4.23207
0.350	70.092	0.350	0.75100	0.88969	0.03835	0.03835	13.07892	13.07892
0.350	90.118	0.450	0.88360	0.86047	0.04305	0.04305	0.28866	0.28866
0.350	110.145	0.550	0.81130	0.83651	0.04646	0.04646	0.29447	0.29447
0.350	130.171	0.650	0.82400	0.81620	0.04454	0.04454	0.03065	0.03065
0.350	150.197	0.750	0.90080	0.79862	0.05240	0.05240	3.80219	3.80219
0.350	170.224	0.850	0.62090	0.78321	0.08986	0.08986	3.26241	3.26241
0.450	19.311	0.075	0.65470	0.64061	0.04579	0.04579	0.09473	0.09473
0.450	38.622	0.150	0.54750	0.58204	0.03013	0.03013	1.31380	1.31380
0.450	64.370	0.250	0.46970	0.54053	0.03157	0.03157	5.03396	5.03396
0.450	90.118	0.350	0.49000	0.51348	0.02899	0.02899	0.65596	0.65596
0.450	115.866	0.450	0.44940	0.49321	0.02925	0.02925	2.24376	2.24376
0.450	141.614	0.550	0.45010	0.47691	0.03141	0.03141	0.72832	0.72832
0.450	167.363	0.650	0.39020	0.46321	0.03079	0.03079	5.62231	5.62231
0.450	193.111	0.750	0.37990	0.45137	0.03375	0.03375	4.48492	4.48492
0.450	218.859	0.850	0.32590	0.44095	0.06200	0.06200	3.44354	3.44354
0.550	23.602	0.075	0.28630	0.33882	0.03277	0.03277	2.56828	2.56828
0.550	47.205	0.150	0.29270	0.29827	0.02309	0.02309	0.05827	0.05827
0.550	78.675	0.250	0.24320	0.27170	0.02089	0.02089	1.86085	1.86085
0.550	110.145	0.350	0.23020	0.25513	0.02194	0.02194	1.29154	1.29154
0.550	141.614	0.450	0.25540	0.24305	0.02407	0.02407	0.26344	0.26344
0.550	173.084	0.550	0.21040	0.23348	0.02106	0.02106	1.20099	1.20099
0.550	204.554	0.650	0.20620	0.22553	0.02170	0.02170	0.79356	0.79356
0.550	236.024	0.750	0.22740	0.21871	0.03432	0.03432	0.06411	0.06411
0.650	27.894	0.075	0.13470	0.14958	0.01788	0.01788	0.69224	0.69224
0.650	55.788	0.150	0.13060	0.12651	0.01321	0.01321	0.09603	0.09603
0.650	92.979	0.250	0.09840	0.11255	0.01107	0.01107	1.63336	1.63336
0.650	130.171	0.350	0.08797	0.10423	0.01164	0.01164	1.95100	1.95100
0.650	167.363	0.450	0.10100	0.09831	0.01496	0.01496	0.03223	0.03223
0.650	204.554	0.550	0.09001	0.09372	0.01369	0.01369	0.07332	0.07332
0.650	241.746	0.650	0.06373	0.08995	0.01202	0.01202	4.75678	4.75678
0.650	278.938	0.750	0.07326	0.08674	0.01817	0.01817	0.55037	0.55037
0.015	4.320	0.450	1.74600	1.54944	0.10010	0.10010	3.85590	3.85590
0.015	5.280	0.550	1.66700	1.49677	0.11150	0.11150	2.33096	2.33096
0.015	6.240	0.650	1.83000	1.43947	0.10340	0.10340	14.26470	14.26470
0.015	7.200	0.750	1.65200	1.38390	0.09841	0.09841	7.42192	7.42192
0.015	8.160	0.850	1.56500	1.33373	0.09665	0.09665	5.72572	5.72572
0.015	8.976	0.935	1.68700	1.29805	0.15210	0.15210	6.53934	6.53934
0.045	4.305	0.150	2.08300	1.93967	0.11330	0.11330	1.60030	1.60030
0.045	7.176	0.250	2.15100	1.95801	0.11200	0.11200	2.96926	2.96926
0.045	10.046	0.350	1.98400	1.92581	0.10830	0.10830	0.28865	0.28865
0.045	12.916	0.450	1.89600	1.87640	0.10210	0.10210	0.03684	0.03684
0.045	15.787	0.550	1.97700	1.82281	0.11610	0.11610	1.76382	1.76382
0.045	18.657	0.650	2.03800	1.77151	0.10980	0.10980	5.89055	5.89055
0.045	21.527	0.750	1.86000	1.72611	0.11360	0.11360	1.38908	1.38908
0.045	24.397	0.850	1.99800	1.68893	0.11010	0.11010	7.88037	7.88037
0.045	26.837	0.935	1.84600	1.66509	0.17090	0.17090	1.12061	1.12061
0.080	7.654	0.150	1.94000	2.04719	0.09700	0.09700	1.22103	1.22103
0.080	12.757	0.250	2.02500	2.02759	0.09390	0.09390	0.00076	0.00076
0.080	17.860	0.350	1.93900	1.98181	0.10360	0.10360	0.17072	0.17072
0.080	22.962	0.450	1.83900	1.93007	0.09445	0.09445	0.92980	0.92980
0.080	28.065	0.550	1.81000	1.88042	0.09037	0.09037	0.60726	0.60726
0.080	33.168	0.650	1.85900	1.83440	0.09767	0.09767	0.06345	0.06345
0.080	38.270	0.750	1.86700	1.79573	0.10690	0.10690	0.44453	0.44453
0.080	43.373	0.850	1.76500	1.76480	0.10010	0.10010	0.00000	0.00000
0.080	47.710	0.935	2.10000	1.74510	0.19890	0.19890	3.18380	3.18380
0.125	5.980	0.075	1.77400	1.98956	0.11060	0.11060	3.79845	3.79845
0.125	11.960	0.150	1.89300	1.98699	0.09270	0.09270	1.02795	1.02795
0.125	19.933	0.250	1.73000	1.94250	0.08490	0.08490	6.26483	6.26483
0.125	27.905	0.350	1.78100	1.89103	0.08425	0.08425	1.70571	1.70571
0.125	35.879	0.450	1.67300	1.84165	0.08113	0.08113	4.32144	4.32144
0.125	43.852	0.550	1.67700	1.79693	0.08298	0.08298	2.08900	2.08900
0.125	51.825	0.650	1.75300	1.75787	0.08839	0.08839	0.00303	0.00303
0.125	59.797	0.750	1.75300	1.72482	0.09791	0.09791	0.08284	0.08284
0.125	67.770	0.850	1.41200	1.69803	0.09479	0.09479	9.10555	9.10555
0.125	74.548	0.935	1.40800	1.68024	0.19010	0.19010	2.05082	2.05082
0.175	8.372	0.075	1.62100	1.84590	0.10510	0.10510	4.57890	4.57890
0.175	16.743	0.150	1.75100	1.80672	0.08593	0.08593	0.42046	0.42046
0.175	27.905	0.250	1.57700	1.74983	0.08112	0.08112	4.53945	4.53945
0.175	39.068	0.350	1.45400	1.69858	0.07255	0.07255	11.36504	11.36504
0.175	50.230	0.450	1.63800	1.65357	0.08202	0.08202	0.03605	0.03605
0.175	61.392	0.550	1.55900	1.61440	0.08318	0.08318	0.44354	0.44354
0.175	72.554	0.650	1.49300	1.58062	0.07989	0.07989	1.20295	1.20295
0.175	83.716	0.750	1.52000	1.55191	0.09052	0.09052	0.12424	0.12424
0.175	94.879	0.850	1.50300	1.52798	0.09816	0.09816	0.06476	0.06476
0.175	104.367	0.935	1.76200	1.51124	0.22980	0.22980	1.19071	1.19071
0.225	10.764	0.075	1.53200	1.63488	0.12080	0.12080	0.72532	0.72532
0.225	21.527	0.150	1.53700	1.57551	0.07819	0.07819	0.24257	0.24257
0.225	35.879	0.250	1.42000	1.51451	0.07663	0.07663	1.52112	1.52112
0.225	50.230	0.350	1.25700	1.46582	0.06746	0.06746	9.58159	9.58159
0.225	64.581	0.450	1.30100	1.42527	0.08306	0.08306	2.23844	2.23844
0.225	78.933	0.550	1.30300	1.39081	0.07131	0.07131	1.51621	1.51621
0.225	93.284	0.650	1.30200	1.36127	0.07819	0.07819	0.57460	0.57460
0.225	107.635	0.750	1.37600	1.33594	0.08304	0.08304	0.23277	0.23277
0.225	121.987	0.850	1.32600	1.31432	0.10000	0.10000	0.01364	0.01364
0.225	134.186	0.935	1.16300	1.29861	0.26850	0.26850	0.25510	0.25510
0.275	4.473	0.025	1.49400	1.46991	0.17220	0.17220	0.01957	0.01957
0.275	13.155	0.075	1.31900	1.39764	0.11410	0.11410	0.47508	0.47508
0.275	26.311	0.150	1.23500	1.32880	0.07998	0.07998	1.37557	1.37557
0.275	43.852	0.250	1.06200	1.26815	0.06257	0.06257	10.85558	10.85558
0.275	61.392	0.350	1.14300	1.22319	0.08051	0.08051	0.99200	0.99200
0.275	78.933	0.450	1.12600	1.18705	0.06529	0.06529	0.87426	0.87426
0.275	96.473	0.550	1.02400	1.15683	0.07117	0.07117	3.48354	3.48354
0.275	114.014	0.650	1.09100	1.13102	0.08287	0.08287	0.23318	0.23318
0.275	131.554	0.750	1.20100	1.10873	0.07903	0.07903	1.36312	1.36312
0.275	149.095	0.850	0.97970	1.08940	0.08462	0.08462	1.68046	1.68046
0.350	16.743	0.075	1.02300	1.04185	0.08129	0.08129	0.05378	0.05378
0.350	33.487	0.150	0.89010	0.97176	0.04201	0.04201	3.77845	3.77845
0.350	55.811	0.250	0.83910	0.91702	0.04205	0.04205	3.43408	3.43408
0.350	78.135	0.350	0.79100	0.87913	0.03935	0.03935	5.01579	5.01579
0.350	100.460	0.450	0.83180	0.84973	0.04382	0.04382	0.16740	0.16740
0.350	122.784	0.550	0.70080	0.82557	0.04246	0.04246	8.63473	8.63473
0.350	145.109	0.650	0.75070	0.80504	0.04159	0.04159	1.70710	1.70710
0.350	167.433	0.750	0.69580	0.78723	0.04761	0.04761	3.68796	3.68796
0.350	189.757	0.850	0.85100	0.77157	0.06587	0.06587	1.45405	1.45405
0.450	21.527	0.075	0.59680	0.63126	0.04982	0.04982	0.47837	0.47837
0.450	43.054	0.150	0.56320	0.57342	0.04008	0.04008	0.06503	0.06503
0.450	71.757	0.250	0.51820	0.53225	0.03405	0.03405	0.17015	0.17015
0.450	100.460	0.350	0.45850	0.50530	0.03161	0.03161	2.19201	2.19201
0.450	129.163	0.450	0.40790	0.48504	0.03286	0.03286	5.51076	5.51076
0.450	157.865	0.550	0.45770	0.46868	0.03041	0.03041	0.13035	0.13035
0.450	186.568	0.650	0.47160	0.45490	0.03432	0.03432	0.23686	0.23686
0.450	215.271	0.750	0.38860	0.44296	0.03472	0.03472	2.45116	2.45116
0.450	243.974	0.850	0.45630	0.43242	0.07336	0.07336	0.10600	0.10600
0.550	26.311	0.075	0.31130	0.33203	0.03331	0.03331	0.38736	0.38736
0.550	52.622	0.150	0.28030	0.29249	0.02674	0.02674	0.20790	0.20790
0.550	87.703	0.250	0.25500	0.26639	0.02235	0.02235	0.25972	0.25972
0.550	122.784	0.350	0.20750	0.25002	0.01944	0.01944	4.78492	4.78492
0.550	157.865	0.450	0.23160	0.23802	0.02117	0.02117	0.09198	0.09198
0.550	192.947	0.550	0.18350	0.22848	0.01880	0.01880	5.72494	5.72494
0.550	228.028	0.650	0.19230	0.22053	0.02380	0.02380	1.40684	1.40684
0.550	263.109	0.750	0.22950	0.21368	0.03155	0.03155	0.25132	0.25132
0.550	298.190	0.850	0.14370	0.20766	0.05689	0.05689	1.26391	1.26391
0.650	31.095	0.075	0.15610	0.14553	0.02374	0.02374	0.19829	0.19829
0.650	62.189	0.150	0.09439	0.12337	0.01346	0.01346	4.63627	4.63627
0.650	103.649	0.250	0.09934	0.10982	0.01231	0.01231	0.72415	0.72415
0.650	145.109	0.350	0.09637	0.10167	0.01333	0.01333	0.15805	0.15805
0.650	186.568	0.450	0.10380	0.09584	0.01585	0.01585	0.25199	0.25199
0.650	228.028	0.550	0.08961	0.09129	0.01329	0.01329	0.01604	0.01604
0.650	269.487	0.650	0.06978	0.08755	0.01504	0.01504	1.39529	1.39529
0.650	310.947	0.750	0.08195	0.08435	0.02100	0.02100	0.01306	0.01306
