ID            : 5947
TypeExp       : DISNEU
TypeTheo      : SIG
TypeCurrent   : CCWP
A1            : 208
A2            : 0
Z1            : 82
Z2            : 0
KinVar        : [X, Q2, Y ]

X	Q2	Y	data	theory	totError	totErrorUncor	chi2Naive	chi2Corr
0.125	4.104	0.700	1.67600	1.67962	0.09865	0.03057	0.00135	-0.08095
0.175	4.104	0.500	1.68100	1.71678	0.08462	0.03045	0.17874	-0.17537
0.175	4.925	0.600	1.68600	1.69963	0.08467	0.03095	0.02590	-0.36746
0.175	5.745	0.700	1.61200	1.68302	0.09022	0.03042	0.61974	2.32252
0.225	4.221	0.400	1.60800	1.62620	0.06534	0.03012	0.07758	0.00774
0.225	5.276	0.500	1.60300	1.60600	0.06577	0.03043	0.00208	-0.04576
0.225	6.332	0.600	1.62500	1.58632	0.07374	0.03092	0.27509	2.44211
0.225	7.387	0.700	1.49800	1.56832	0.07325	0.02979	0.92159	2.83926
0.275	5.159	0.400	1.45700	1.45285	0.04678	0.02933	0.00786	-0.02802
0.275	6.449	0.500	1.46200	1.42946	0.04931	0.02954	0.43560	1.05549
0.275	7.739	0.600	1.44500	1.40834	0.05108	0.02955	0.51509	1.79144
0.275	9.028	0.700	1.39300	1.38962	0.04938	0.02929	0.00468	0.00131
0.350	6.566	0.400	1.18600	1.14100	0.04660	0.01909	0.93263	0.74302
0.350	8.207	0.500	1.15300	1.11551	0.03862	0.01883	0.94204	0.90988
0.350	9.849	0.600	1.12300	1.09397	0.03380	0.01866	0.73761	0.65059
0.450	10.553	0.500	0.75490	0.71004	0.04712	0.01553	0.90648	1.23945
0.450	12.663	0.600	0.76020	0.69072	0.04618	0.01587	2.26375	8.70313
0.125	4.104	0.500	1.77500	1.75838	0.09953	0.03806	0.02788	0.46372
0.125	4.925	0.600	1.78400	1.73964	0.10026	0.03780	0.19575	2.03816
0.125	5.745	0.700	1.61600	1.72082	0.11249	0.03535	0.86828	6.18873
0.175	4.596	0.400	1.73600	1.75445	0.07137	0.03871	0.06684	-0.04081
0.175	5.745	0.500	1.72600	1.73367	0.07350	0.03822	0.01089	-0.06493
0.175	6.894	0.600	1.67100	1.71252	0.08616	0.03725	0.23225	0.44419
0.175	8.043	0.700	1.67400	1.69295	0.09861	0.03670	0.03691	-0.13681
0.225	4.432	0.300	1.64000	1.64783	0.05679	0.03837	0.01903	-0.02059
0.225	5.909	0.400	1.56500	1.62348	0.05835	0.03741	1.00436	1.81430
0.225	7.387	0.500	1.59900	1.59916	0.06297	0.03759	0.00001	-0.00139
0.225	8.864	0.600	1.63800	1.57667	0.06748	0.03748	0.82599	3.06687
0.225	10.341	0.700	1.53200	1.55663	0.08820	0.03556	0.07797	-0.05692
0.275	5.417	0.300	1.46900	1.46243	0.05481	0.03697	0.01436	-0.05612
0.275	7.223	0.400	1.40400	1.43318	0.05032	0.03629	0.33627	1.12485
0.275	9.028	0.500	1.46700	1.40715	0.05240	0.03705	1.30449	1.91338
0.275	10.834	0.600	1.39000	1.38432	0.05475	0.03527	0.01077	0.02123
0.275	12.640	0.700	1.43300	1.36440	0.06764	0.03558	1.02849	3.72760
0.350	6.894	0.300	1.15300	1.14017	0.05049	0.02335	0.06452	-0.56276
0.350	9.192	0.400	1.14400	1.10791	0.04776	0.02351	0.57109	-0.23032
0.350	11.491	0.500	1.04200	1.08173	0.03703	0.02194	1.15097	4.72025
0.350	13.789	0.600	1.09900	1.05986	0.04612	0.02245	0.72018	0.63718
0.350	16.087	0.700	1.06400	1.04124	0.03661	0.02160	0.38644	0.06722
0.450	11.819	0.400	0.71620	0.69828	0.05121	0.01856	0.12240	-1.07742
0.450	14.774	0.500	0.72120	0.67533	0.04440	0.01869	1.06741	1.06796
0.450	17.728	0.600	0.70550	0.65701	0.04040	0.01841	1.44054	1.60373
0.550	14.445	0.400	0.40990	0.38260	0.04798	0.01387	0.32378	-0.54485
0.550	18.056	0.500	0.38870	0.36539	0.04265	0.01350	0.29857	-0.55614
0.550	21.668	0.600	0.37880	0.35231	0.03977	0.01334	0.44371	-0.23951
0.650	21.340	0.500	0.18280	0.16608	0.02908	0.00852	0.33036	1.36483
0.650	25.607	0.600	0.16380	0.15821	0.02091	0.00828	0.07140	-0.37508
0.080	4.052	0.600	1.71900	1.65410	0.11347	0.05072	0.32717	1.87028
0.080	4.728	0.700	1.63900	1.63083	0.11724	0.04873	0.00486	0.06670
0.080	5.403	0.800	1.62000	1.60942	0.14918	0.04909	0.00503	0.14868
0.125	4.221	0.400	1.77100	1.80943	0.08212	0.04947	0.21900	0.42988
0.125	5.276	0.500	1.79500	1.78975	0.08737	0.04880	0.00362	0.04390
0.125	6.332	0.600	1.68500	1.76752	0.11045	0.04565	0.55821	1.78019
0.125	7.387	0.700	1.69200	1.74614	0.10852	0.04509	0.24885	0.94247
0.125	8.442	0.800	1.65700	1.72743	0.15003	0.04471	0.22035	0.45694
0.175	4.432	0.300	1.81600	1.78728	0.06697	0.05158	0.18394	0.25867
0.175	5.909	0.400	1.80600	1.76569	0.07021	0.05126	0.32963	0.76309
0.175	7.387	0.500	1.76000	1.74128	0.07581	0.04939	0.06096	0.26429
0.175	8.864	0.600	1.68600	1.71759	0.08635	0.04694	0.13381	0.09095
0.175	10.341	0.700	1.59200	1.69613	0.10382	0.04463	1.00597	4.32309
0.175	11.819	0.800	1.69800	1.67766	0.11745	0.04638	0.03000	0.38529
0.225	5.698	0.300	1.55600	1.64569	0.06538	0.04838	1.88184	3.27070
0.225	7.598	0.400	1.62400	1.61738	0.06244	0.04922	0.01123	0.00058
0.225	9.497	0.500	1.60000	1.59060	0.06357	0.04770	0.02186	0.02092
0.225	11.397	0.600	1.53000	1.56643	0.07009	0.04561	0.27016	0.59494
0.225	13.296	0.700	1.46200	1.54516	0.07676	0.04327	1.17370	2.52840
0.225	15.196	0.800	1.46900	1.52684	0.11609	0.04348	0.24828	0.23434
0.275	4.643	0.200	1.47900	1.48363	0.06937	0.04682	0.00445	0.04444
0.275	6.965	0.300	1.59800	1.44781	0.07849	0.05073	3.66092	5.77721
0.275	9.286	0.400	1.49400	1.41606	0.06535	0.04808	1.42241	1.41051
0.275	11.608	0.500	1.36600	1.38856	0.05538	0.04497	0.16598	0.42572
0.275	13.929	0.600	1.39800	1.36477	0.05962	0.04433	0.31055	0.57590
0.275	16.251	0.700	1.33000	1.34420	0.06331	0.04237	0.05030	0.19809
0.275	18.572	0.800	1.26300	1.32645	0.09471	0.04119	0.44890	1.94096
0.350	8.864	0.300	1.21200	1.11580	0.06601	0.03123	2.12406	5.09464
0.350	11.819	0.400	1.13500	1.08288	0.05734	0.02994	0.82638	0.69478
0.350	14.774	0.500	1.08100	1.05646	0.04112	0.02853	0.35627	-0.13440
0.350	17.728	0.600	0.99590	1.03453	0.03639	0.02664	1.12659	3.33425
0.350	20.683	0.700	0.98590	1.01596	0.04723	0.02588	0.40520	2.25475
0.450	11.397	0.300	0.71240	0.70234	0.06588	0.02382	0.02332	-0.55579
0.450	15.196	0.400	0.71420	0.67305	0.05826	0.02405	0.49901	-0.51947
0.450	18.994	0.500	0.68310	0.65098	0.05341	0.02335	0.36172	-0.72091
0.450	22.793	0.600	0.63840	0.63360	0.04041	0.02165	0.01409	-0.23632
0.450	26.592	0.700	0.64280	0.61925	0.03944	0.02167	0.35653	-0.20813
0.550	13.929	0.300	0.42520	0.38511	0.05484	0.01783	0.53452	1.22276
0.550	18.572	0.400	0.41280	0.36303	0.05361	0.01768	0.86176	3.12802
0.550	23.215	0.500	0.36890	0.34742	0.04027	0.01669	0.28457	-0.49506
0.550	27.859	0.600	0.37360	0.33542	0.03109	0.01640	1.50753	1.97363
0.550	32.502	0.700	0.31680	0.32568	0.02971	0.01503	0.08928	1.15016
0.650	21.949	0.400	0.18260	0.16456	0.02927	0.01076	0.37987	0.98907
0.650	27.436	0.500	0.16680	0.15518	0.02645	0.01040	0.19299	0.09001
0.650	32.924	0.600	0.14580	0.14815	0.02507	0.00983	0.00881	0.37929
0.080	4.127	0.500	1.76600	1.71882	0.11352	0.06346	0.17273	0.53974
0.080	4.953	0.600	1.85800	1.69391	0.11861	0.06446	1.91398	6.20041
0.080	5.778	0.700	1.76000	1.66853	0.15037	0.06159	0.37001	2.43546
0.080	6.604	0.800	1.61800	1.64563	0.13833	0.05798	0.03990	0.14108
0.125	5.159	0.400	1.87500	1.83453	0.09644	0.06123	0.17607	0.58066
0.125	6.449	0.500	1.77400	1.81129	0.08980	0.05802	0.17246	0.42630
0.125	7.739	0.600	1.76900	1.78653	0.11110	0.05703	0.02489	-0.03005
0.125	9.028	0.700	1.76800	1.76325	0.11943	0.05672	0.00158	0.05096
0.125	10.318	0.800	1.62800	1.74311	0.12834	0.05300	0.80454	3.44906
0.175	5.417	0.300	1.78500	1.79708	0.08585	0.06257	0.01981	0.02387
0.175	7.223	0.400	1.81900	1.77158	0.09102	0.06220	0.27145	0.80481
0.175	9.028	0.500	1.71400	1.74462	0.07244	0.05864	0.17866	0.27452
0.175	10.834	0.600	1.69100	1.71923	0.09311	0.05770	0.09191	0.34316
0.175	12.640	0.700	1.70100	1.69633	0.11452	0.05623	0.00167	0.04503
0.175	14.445	0.800	1.56600	1.67683	0.11078	0.05284	1.00084	3.46694
0.225	4.643	0.200	1.66000	1.67181	0.08529	0.06079	0.01917	0.01432
0.225	6.965	0.300	1.59400	1.64137	0.07125	0.06008	0.44188	0.76423
0.225	9.286	0.400	1.57000	1.61040	0.07085	0.05899	0.32511	0.54400
0.225	11.608	0.500	1.74900	1.58194	0.07959	0.06086	4.40537	7.90797
0.225	13.929	0.600	1.60700	1.55662	0.08348	0.05736	0.36421	1.02830
0.225	16.251	0.700	1.52800	1.53452	0.08561	0.05479	0.00580	-0.00790
0.225	18.572	0.800	1.41700	1.51558	0.09761	0.05156	1.01988	3.40868
0.275	5.675	0.200	1.49900	1.47361	0.08070	0.05949	0.09898	-0.11357
0.275	8.512	0.300	1.47100	1.43454	0.08095	0.05965	0.20287	0.17213
0.275	11.350	0.400	1.42300	1.40118	0.06971	0.05704	0.09802	-0.06227
0.275	14.187	0.500	1.39700	1.37274	0.06505	0.05576	0.13908	0.02518
0.275	17.025	0.600	1.37500	1.34835	0.07135	0.05362	0.13954	0.11978
0.275	19.862	0.700	1.30400	1.32736	0.06930	0.05122	0.11365	0.25275
0.275	22.700	0.800	1.31300	1.30943	0.08182	0.05079	0.00191	0.01242
0.350	7.223	0.200	1.11400	1.14030	0.07339	0.03625	0.12844	1.51648
0.350	10.834	0.300	1.18300	1.09604	0.07077	0.03802	1.50979	2.41500
0.350	14.445	0.400	1.03600	1.06281	0.05564	0.03467	0.23228	1.52200
0.350	18.056	0.500	1.12000	1.03632	0.04947	0.03574	2.86086	3.73242
0.350	21.668	0.600	1.07400	1.01454	0.04777	0.03412	1.54942	1.39891
0.350	25.279	0.700	1.06600	0.99622	0.05297	0.03372	1.73523	2.79954
0.350	28.890	0.800	1.02100	0.98043	0.06052	0.03203	0.44929	0.98628
0.450	13.929	0.300	0.70910	0.68218	0.07074	0.02927	0.14485	-0.75234
0.450	18.572	0.400	0.72910	0.65379	0.06994	0.02946	1.15951	2.26103
0.450	23.215	0.500	0.72640	0.63266	0.05593	0.02903	2.80926	4.92473
0.450	27.859	0.600	0.62920	0.61584	0.04304	0.02630	0.09640	-0.36989
0.450	32.502	0.700	0.66980	0.60183	0.04602	0.02700	2.18192	2.97311
0.550	17.025	0.300	0.42230	0.36929	0.05790	0.02179	0.83797	2.10819
0.550	22.700	0.400	0.35060	0.34883	0.04630	0.01966	0.00145	-0.11499
0.550	28.375	0.500	0.38380	0.33422	0.04001	0.02069	1.53565	2.69173
0.550	34.049	0.600	0.33010	0.32283	0.03390	0.01897	0.04595	-0.28824
0.550	39.724	0.700	0.33510	0.31356	0.03326	0.01899	0.41954	0.28165
0.650	26.827	0.400	0.17980	0.15594	0.03073	0.01307	0.60295	1.50267
0.650	33.533	0.500	0.14890	0.14736	0.02275	0.01176	0.00458	-0.08367
0.650	40.240	0.600	0.16520	0.14089	0.02569	0.01272	0.89572	1.74954
0.650	46.947	0.700	0.13210	0.13574	0.02057	0.01144	0.03137	0.40370
0.045	4.137	0.700	1.38500	1.47033	0.10084	0.05015	0.71603	3.17505
0.045	4.728	0.800	1.34400	1.43579	0.11125	0.04904	0.68068	3.19220
0.080	4.202	0.400	1.96200	1.79047	0.10766	0.05718	2.53844	9.25525
0.080	5.253	0.500	1.80300	1.76647	0.10806	0.05367	0.11428	0.44061
0.080	6.303	0.600	1.77700	1.73821	0.11079	0.05215	0.12259	0.54110
0.080	7.354	0.700	1.76700	1.71036	0.11861	0.05117	0.22806	1.33384
0.080	8.404	0.800	1.58100	1.68567	0.12693	0.04786	0.68007	3.96377
0.125	4.925	0.300	1.91400	1.88175	0.08341	0.05311	0.14953	0.39752
0.125	6.566	0.400	1.88300	1.86055	0.07921	0.05147	0.08030	0.08904
0.125	8.207	0.500	1.76500	1.83338	0.08772	0.04857	0.60775	1.99766
0.125	9.849	0.600	1.89000	1.80576	0.09818	0.04970	0.73621	3.31822
0.125	11.491	0.700	1.84300	1.78035	0.11013	0.04788	0.32355	2.18045
0.125	13.132	0.800	1.65300	1.75863	0.11001	0.04444	0.92196	4.97632
0.175	4.596	0.200	1.69300	1.82786	0.07023	0.05155	3.68670	7.27207
0.175	6.894	0.300	1.75200	1.80509	0.07144	0.05180	0.55223	1.10386
0.175	9.192	0.400	1.85600	1.77541	0.07338	0.05262	1.20616	2.30628
0.175	11.491	0.500	1.74900	1.74570	0.07915	0.04937	0.00173	0.00802
0.175	13.789	0.600	1.74800	1.71826	0.08426	0.04895	0.12459	0.51752
0.175	16.087	0.700	1.66800	1.69402	0.08866	0.04681	0.08610	0.12435
0.175	18.385	0.800	1.62000	1.67342	0.10142	0.04516	0.27737	0.91811
0.225	5.909	0.200	1.55900	1.66909	0.06274	0.05026	3.07880	5.20300
0.225	8.864	0.300	1.63000	1.63353	0.06352	0.05137	0.00310	0.01393
0.225	11.819	0.400	1.61300	1.59981	0.06204	0.04991	0.04517	-0.09051
0.225	14.774	0.500	1.51000	1.56963	0.06574	0.04711	0.82284	1.55435
0.225	17.728	0.600	1.55300	1.54313	0.06744	0.04707	0.02142	0.00744
0.225	20.683	0.700	1.57800	1.52017	0.07678	0.04636	0.56718	1.45427
0.225	23.638	0.800	1.49800	1.50059	0.09418	0.04489	0.00075	-0.00474
0.275	7.223	0.200	1.45200	1.45929	0.07930	0.04968	0.00845	0.16646
0.275	10.834	0.300	1.49500	1.41703	0.08408	0.05078	0.85995	0.70591
0.275	14.445	0.400	1.31300	1.38210	0.05980	0.04553	1.33490	3.01731
0.275	18.056	0.500	1.38600	1.35275	0.05878	0.04636	0.31999	0.16322
0.275	21.668	0.600	1.35100	1.32786	0.05598	0.04434	0.17090	0.05089
0.275	25.279	0.700	1.34800	1.30660	0.06288	0.04402	0.43336	0.55222
0.275	28.890	0.800	1.25600	1.28833	0.07600	0.04145	0.18094	0.53972
0.350	9.192	0.200	1.13300	1.11713	0.07691	0.03185	0.04257	-0.63918
0.350	13.789	0.300	1.05500	1.07209	0.06450	0.03003	0.07022	1.13882
0.350	18.385	0.400	1.04700	1.03869	0.05958	0.02942	0.01944	-0.39348
0.350	22.981	0.500	1.00400	1.01245	0.04569	0.02811	0.03417	0.47080
0.350	27.577	0.600	1.02800	0.99086	0.04184	0.02790	0.78809	-0.14111
0.350	32.173	0.700	0.99910	0.97255	0.04154	0.02712	0.40844	-0.19291
0.350	36.770	0.800	1.01100	0.95678	0.05196	0.02704	1.08863	2.02961
0.450	11.819	0.200	0.76500	0.69909	0.07512	0.02585	0.76985	1.34104
0.450	17.728	0.300	0.77190	0.65895	0.06875	0.02616	2.69951	9.85701
0.450	23.638	0.400	0.64420	0.63188	0.05624	0.02302	0.04799	-0.65209
0.450	29.547	0.500	0.66630	0.61154	0.05431	0.02322	1.01682	0.77987
0.450	35.456	0.600	0.59840	0.59518	0.04066	0.02151	0.00626	-0.24146
0.450	41.366	0.700	0.60820	0.58155	0.03869	0.02163	0.47436	-0.32963
0.450	47.275	0.800	0.58740	0.56990	0.03820	0.02136	0.20985	-0.49543
0.550	14.445	0.200	0.42650	0.38171	0.06106	0.01848	0.53809	0.72915
0.550	21.668	0.300	0.38250	0.35188	0.06121	0.01760	0.25024	-0.19066
0.550	28.890	0.400	0.38300	0.33307	0.05131	0.01765	0.94677	1.77476
0.550	36.113	0.500	0.34750	0.31933	0.03793	0.01634	0.55134	0.28330
0.550	43.336	0.600	0.34390	0.30858	0.03628	0.01626	0.94745	1.21308
0.550	50.558	0.700	0.30650	0.29979	0.02717	0.01508	0.06093	-0.34356
0.650	25.607	0.300	0.16580	0.15768	0.02670	0.01039	0.09251	-0.16675
0.650	34.143	0.400	0.15150	0.14659	0.02439	0.00998	0.04054	-0.19199
0.650	42.679	0.500	0.14520	0.13881	0.02318	0.00951	0.07589	-0.13190
0.650	51.215	0.600	0.13430	0.13290	0.01857	0.00915	0.00566	-0.06820
0.650	59.751	0.700	0.15540	0.12817	0.01997	0.01034	1.85936	5.07356
0.045	4.559	0.600	1.58600	1.56782	0.11399	0.06389	0.02544	0.07769
0.045	5.318	0.700	1.68100	1.52961	0.13172	0.06502	1.32087	5.10941
0.045	6.078	0.800	1.42000	1.49474	0.10826	0.05891	0.47667	1.63034
0.080	4.052	0.300	1.91900	1.85757	0.09932	0.06659	0.38249	0.41288
0.080	5.403	0.400	1.96200	1.84056	0.11068	0.06601	1.20402	2.36425
0.080	6.754	0.500	1.89200	1.81197	0.11152	0.06350	0.51498	1.06497
0.080	8.104	0.600	1.89100	1.78029	0.12304	0.06242	0.80966	2.66152
0.080	9.455	0.700	1.73300	1.74988	0.10936	0.05896	0.02384	0.10793
0.080	10.806	0.800	1.60000	1.72336	0.13036	0.05524	0.89542	4.69071
0.125	4.221	0.200	2.01800	1.91982	0.08681	0.06484	1.27931	1.71144
0.125	6.332	0.300	1.85300	1.90990	0.09291	0.05993	0.37507	0.93537
0.125	8.442	0.400	1.91800	1.88319	0.08127	0.06015	0.18341	0.06495
0.125	10.553	0.500	1.75000	1.85223	0.08756	0.05560	1.36297	3.30138
0.125	12.663	0.600	1.87600	1.82184	0.10715	0.05776	0.25546	0.55450
0.125	14.774	0.700	1.76500	1.79438	0.12492	0.05495	0.05530	0.10737
0.125	16.884	0.800	1.69900	1.77109	0.11558	0.05320	0.38905	1.47559
0.175	5.909	0.200	1.89600	1.83894	0.08060	0.06453	0.50123	0.40570
0.175	8.864	0.300	1.80500	1.80949	0.07777	0.06126	0.00334	0.04286
0.175	11.819	0.400	1.83300	1.77596	0.07454	0.06016	0.58551	0.67299
0.175	14.774	0.500	1.69700	1.74371	0.07561	0.05620	0.38162	0.81228
0.175	17.728	0.600	1.70900	1.71445	0.08667	0.05594	0.00396	0.00345
0.175	20.683	0.700	1.67200	1.68885	0.11090	0.05503	0.02307	0.05431
0.175	23.638	0.800	1.60500	1.66709	0.11114	0.05297	0.31217	1.11828
0.225	7.598	0.200	1.72400	1.66275	0.08479	0.06290	0.52185	0.55218
0.225	11.397	0.300	1.70500	1.62270	0.07475	0.06045	1.21242	1.25645
0.225	15.196	0.400	1.52900	1.58654	0.06903	0.05597	0.69477	1.28161
0.225	18.994	0.500	1.45200	1.55483	0.06608	0.05313	2.42114	4.16546
0.225	22.793	0.600	1.45300	1.52731	0.07027	0.05237	1.11843	1.95022
0.225	26.592	0.700	1.49900	1.50359	0.08199	0.05282	0.00313	0.00754
0.225	30.391	0.800	1.52900	1.48336	0.07882	0.05366	0.33527	0.48940
0.275	4.643	0.100	1.47000	1.49869	0.08170	0.05807	0.12328	0.62595
0.275	9.286	0.200	1.43300	1.44218	0.09375	0.05792	0.00958	0.13202
0.275	13.929	0.300	1.51900	1.39727	0.09297	0.05894	1.71452	1.95120
0.275	18.572	0.400	1.36100	1.36103	0.06639	0.05411	0.00000	0.00058
0.275	23.215	0.500	1.41300	1.33110	0.06744	0.05411	1.47506	1.02611
0.275	27.859	0.600	1.30000	1.30578	0.06163	0.05086	0.00881	0.08646
0.275	32.502	0.700	1.34900	1.28412	0.06930	0.05161	0.87655	1.07218
0.275	37.145	0.800	1.30900	1.26552	0.08753	0.05098	0.24672	0.34125
0.350	11.819	0.200	1.12100	1.09252	0.07272	0.03701	0.15342	-0.38993
0.350	17.728	0.300	1.13600	1.04703	0.07916	0.03654	1.26307	1.78648
0.350	23.638	0.400	1.03500	1.01389	0.06884	0.03358	0.09402	-0.44498
0.350	29.547	0.500	0.99930	0.98778	0.04890	0.03254	0.05547	-0.39896
0.350	35.456	0.600	0.96770	0.96620	0.04124	0.03142	0.00132	-0.04361
0.350	41.366	0.700	0.90940	0.94791	0.04091	0.03013	0.88610	2.69484
0.350	47.275	0.800	0.97630	0.93217	0.05581	0.03162	0.62523	0.64902
0.450	15.196	0.200	0.75310	0.67442	0.08259	0.03015	0.90744	1.49614
0.450	22.793	0.300	0.71270	0.63603	0.07655	0.02909	1.00306	2.65084
0.450	30.391	0.400	0.66540	0.61008	0.06001	0.02723	0.84996	0.10248
0.450	37.989	0.500	0.60780	0.59028	0.04929	0.02549	0.12632	-0.45746
0.450	45.587	0.600	0.58570	0.57437	0.04165	0.02487	0.07405	-0.42281
0.450	53.185	0.700	0.57740	0.56108	0.04055	0.02458	0.16200	-0.47059
0.450	60.782	0.800	0.52870	0.54970	0.03654	0.02349	0.33048	1.69126
0.550	18.572	0.200	0.46360	0.36258	0.06839	0.02292	2.18183	11.45807
0.550	27.859	0.300	0.35090	0.33538	0.05094	0.01930	0.09288	-0.70564
0.550	37.145	0.400	0.37110	0.31774	0.04299	0.01975	1.54064	4.20694
0.550	46.431	0.500	0.30900	0.30478	0.03765	0.01740	0.01254	-0.27286
0.550	55.717	0.600	0.30990	0.29460	0.03052	0.01782	0.25135	-0.35329
0.550	65.003	0.700	0.29100	0.28623	0.02868	0.01734	0.02760	-0.24756
0.550	74.290	0.800	0.26880	0.27915	0.02946	0.01707	0.12353	1.08271
0.650	21.949	0.200	0.16950	0.16407	0.03887	0.01211	0.01950	-0.32300
0.650	32.924	0.300	0.17730	0.14782	0.03478	0.01231	0.71850	3.81790
0.650	43.898	0.400	0.14550	0.13781	0.02550	0.01074	0.09088	-0.00369
0.650	54.873	0.500	0.12370	0.13072	0.01960	0.00985	0.12832	0.87343
0.650	65.848	0.600	0.11790	0.12528	0.01843	0.00948	0.16042	1.20413
0.650	76.822	0.700	0.11010	0.12090	0.01500	0.00985	0.51852	1.62802
0.045	4.643	0.500	1.50700	1.65611	0.11528	0.07376	1.67299	4.48020
0.045	5.572	0.600	1.82200	1.61581	0.16542	0.08425	1.55378	5.15763
0.045	6.500	0.700	1.51900	1.57599	0.13643	0.07455	0.17451	0.68714
0.080	4.953	0.300	1.97900	1.89939	0.10738	0.08003	0.54960	0.50954
0.080	6.604	0.400	2.00200	1.87746	0.12388	0.07949	1.01068	2.12221
0.080	8.254	0.500	1.93200	1.84528	0.11965	0.07626	0.52533	0.66845
0.080	9.905	0.600	1.78900	1.81089	0.13279	0.07295	0.02718	0.06574
0.080	11.556	0.700	1.79300	1.77847	0.14202	0.07312	0.01046	0.01581
0.125	5.159	0.200	1.95500	1.94553	0.11537	0.07490	0.00673	-0.01234
0.125	7.739	0.300	1.91100	1.92900	0.09274	0.07196	0.03766	0.16768
0.125	10.318	0.400	1.91000	1.89819	0.08964	0.07088	0.01737	-0.05884
0.125	12.898	0.500	1.88600	1.86437	0.11166	0.06877	0.03751	0.06210
0.125	15.477	0.600	1.72600	1.83193	0.11333	0.06522	0.87368	2.74799
0.125	18.056	0.700	1.81100	1.80289	0.13325	0.06745	0.00371	0.02780
0.175	7.223	0.200	1.84600	1.84460	0.11039	0.07437	0.00016	-0.00773
0.175	10.834	0.300	1.81700	1.81051	0.11795	0.07103	0.00303	0.03888
0.175	14.445	0.400	1.83500	1.77410	0.08404	0.07104	0.52511	0.41819
0.175	18.056	0.500	1.75200	1.74000	0.10145	0.06857	0.01398	0.00361
0.175	21.668	0.600	1.66900	1.70939	0.09275	0.06710	0.18965	0.46705
0.175	25.279	0.700	1.58400	1.68270	0.10994	0.06433	0.80598	2.23929
0.225	4.643	0.100	1.72500	1.69835	0.10095	0.07426	0.06967	-0.03714
0.225	9.286	0.200	1.54600	1.65546	0.11096	0.06928	0.97317	3.07678
0.225	13.929	0.300	1.63600	1.61232	0.07851	0.06974	0.09100	-0.04468
0.225	18.572	0.400	1.51400	1.57448	0.07985	0.06538	0.57360	1.29810
0.225	23.215	0.500	1.54800	1.54176	0.08044	0.06593	0.00603	-0.01790
0.225	27.859	0.600	1.48700	1.51348	0.09152	0.06443	0.08374	0.37287
0.225	32.502	0.700	1.45300	1.48917	0.09922	0.06329	0.13289	0.47699
0.275	5.675	0.100	1.46600	1.48881	0.10547	0.06888	0.04675	0.29907
0.275	11.350	0.200	1.55900	1.42719	0.10148	0.07158	1.68713	1.84501
0.275	17.025	0.300	1.48500	1.38055	0.09257	0.06741	1.27328	1.17087
0.275	22.700	0.400	1.42900	1.34362	0.07964	0.06548	1.14934	0.75713
0.275	28.375	0.500	1.28900	1.31322	0.07170	0.06078	0.11409	0.31098
0.275	34.049	0.600	1.33200	1.28751	0.07887	0.06262	0.31824	0.24651
0.275	39.724	0.700	1.27700	1.26555	0.08623	0.06107	0.01764	-0.04274
0.350	7.223	0.100	1.16100	1.14550	0.11553	0.04374	0.01800	-0.46267
0.350	14.445	0.200	1.05200	1.07265	0.08672	0.04145	0.05669	0.99548
0.350	21.668	0.300	1.07300	1.02714	0.07517	0.04085	0.37215	-0.31594
0.350	28.890	0.400	1.12900	0.99420	0.07001	0.04236	3.70735	5.15920
0.350	36.113	0.500	1.10800	0.96807	0.06171	0.04088	5.14188	6.67537
0.350	43.336	0.600	1.02400	0.94650	0.05241	0.03891	2.18653	1.74046
0.350	50.558	0.700	1.01200	0.92822	0.06462	0.03899	1.68086	2.42969
0.450	18.572	0.200	0.71900	0.65550	0.09162	0.03393	0.48044	0.49924
0.450	27.859	0.300	0.69590	0.61854	0.07916	0.03283	0.95498	1.79506
0.450	37.145	0.400	0.66150	0.59314	0.05864	0.03135	1.35896	1.99634
0.450	46.431	0.500	0.59750	0.57379	0.04783	0.02978	0.24577	-0.42428
0.450	55.717	0.600	0.63170	0.55818	0.04120	0.03095	3.18436	2.82188
0.450	65.003	0.700	0.56180	0.54512	0.03475	0.02883	0.23046	-0.17707
0.550	22.700	0.200	0.37390	0.34864	0.05592	0.02318	0.20407	-0.32188
0.550	34.049	0.300	0.34570	0.32301	0.04999	0.02214	0.20605	-0.36932
0.550	45.399	0.400	0.34880	0.30618	0.04478	0.02185	0.90554	2.10498
0.550	56.749	0.500	0.32140	0.29376	0.04112	0.02071	0.45178	0.20117
0.550	68.099	0.600	0.30050	0.28396	0.02742	0.02060	0.36391	0.03801
0.550	79.449	0.700	0.31830	0.27588	0.03412	0.02173	1.54580	1.90880
0.650	26.827	0.200	0.15370	0.15559	0.03278	0.01267	0.00334	0.10524
0.650	40.240	0.300	0.15680	0.14068	0.02927	0.01287	0.30332	0.71691
0.650	53.654	0.400	0.16350	0.13139	0.02795	0.01358	1.31968	3.32606
0.650	67.067	0.500	0.15100	0.12474	0.02320	0.01308	1.28037	3.06825
0.650	80.480	0.600	0.13530	0.11962	0.02060	0.01249	0.57921	1.03270
0.650	93.894	0.700	0.10970	0.11547	0.01572	0.01131	0.13455	0.50003
0.045	4.390	0.400	1.88000	1.73463	0.15916	0.10640	0.83417	1.38087
0.045	5.487	0.500	1.74500	1.69683	0.16292	0.10360	0.08742	0.10228
0.045	6.585	0.600	1.65000	1.65461	0.16550	0.09791	0.00077	0.00781
0.080	5.853	0.300	1.98100	1.93207	0.13047	0.09736	0.14065	0.01553
0.080	7.804	0.400	1.85700	1.90610	0.13975	0.09419	0.12347	0.34241
0.080	9.755	0.500	1.96200	1.87096	0.17372	0.09647	0.27462	0.87809
0.080	11.706	0.600	1.72000	1.83435	0.16664	0.08885	0.47087	1.45424
0.125	6.097	0.200	2.01100	1.96445	0.11326	0.09389	0.16892	-0.02346
0.125	9.146	0.300	1.97000	1.94273	0.11860	0.08932	0.05287	0.06612
0.125	12.194	0.400	1.90300	1.90867	0.10983	0.08690	0.00267	0.02859
0.125	15.242	0.500	1.75100	1.87260	0.12667	0.08242	0.92157	2.56293
0.125	18.291	0.600	1.80600	1.83849	0.14597	0.08446	0.04954	0.13718
0.175	4.268	0.100	2.01700	1.86604	0.13232	0.09889	1.30164	1.22140
0.175	8.536	0.200	2.09400	1.84736	0.11587	0.09907	4.53111	4.52861
0.175	12.804	0.300	1.93300	1.80953	0.10977	0.09138	1.26521	0.72160
0.175	17.072	0.400	1.75400	1.77109	0.11160	0.08464	0.02346	0.02329
0.175	21.340	0.500	1.70200	1.73555	0.12051	0.08281	0.07751	0.13475
0.175	25.607	0.600	1.56500	1.70385	0.12852	0.07973	1.16722	2.79863
0.225	5.487	0.100	1.69600	1.69681	0.11389	0.09176	0.00005	0.00437
0.225	10.975	0.200	1.60300	1.64806	0.10604	0.08670	0.18054	0.43034
0.225	16.462	0.300	1.66100	1.60262	0.10541	0.08557	0.30667	0.28964
0.225	21.949	0.400	1.68800	1.56357	0.10703	0.08554	1.35147	2.20261
0.225	27.436	0.500	1.61400	1.53006	0.10807	0.08376	0.60333	0.73534
0.225	32.924	0.600	1.62200	1.50118	0.12965	0.08376	0.86854	1.88141
0.275	6.707	0.100	1.55400	1.47917	0.13863	0.08828	0.29135	0.18473
0.275	13.413	0.200	1.40100	1.41395	0.10726	0.08223	0.01457	0.14830
0.275	20.120	0.300	1.42200	1.36609	0.09625	0.07988	0.33748	0.15207
0.275	26.827	0.400	1.30100	1.32872	0.08297	0.07567	0.11164	0.34586
0.275	33.533	0.500	1.32200	1.29789	0.09398	0.07667	0.06583	-0.06881
0.275	40.240	0.600	1.18400	1.27187	0.08291	0.07027	1.12332	2.03683
0.350	8.536	0.100	1.26000	1.12971	0.11058	0.05636	1.38813	1.97250
0.350	17.072	0.200	1.13600	1.05603	0.09726	0.05314	0.67606	-0.05363
0.350	25.607	0.300	1.03700	1.01077	0.08223	0.04859	0.10179	-0.44029
0.350	34.143	0.400	1.05600	0.97777	0.06320	0.04823	1.53224	1.42232
0.350	42.679	0.500	0.96830	0.95164	0.05206	0.04622	0.10235	-0.09733
0.350	51.215	0.600	0.89290	0.93007	0.05587	0.04503	0.44262	1.18991
0.450	10.975	0.100	0.81620	0.70706	0.10410	0.04345	1.09919	2.43137
0.450	21.949	0.200	0.69690	0.64039	0.08320	0.03979	0.46133	0.15869
0.450	32.924	0.300	0.63730	0.60433	0.07061	0.03782	0.21802	-0.32664
0.450	43.898	0.400	0.59550	0.57938	0.05323	0.03536	0.09171	-0.29686
0.450	54.873	0.500	0.53850	0.56033	0.04014	0.03408	0.29577	0.90967
0.450	65.848	0.600	0.58920	0.54494	0.05033	0.03653	0.77340	0.11621
0.550	26.827	0.200	0.38440	0.33777	0.05874	0.02754	0.63017	1.33391
0.550	40.240	0.300	0.34510	0.31319	0.04011	0.02531	0.63318	0.61141
0.550	53.654	0.400	0.33020	0.29696	0.03651	0.02539	0.82884	0.87180
0.550	67.067	0.500	0.36390	0.28493	0.03945	0.02710	4.00756	5.57751
0.550	80.480	0.600	0.29530	0.27540	0.02950	0.02471	0.45529	0.06655
0.650	31.704	0.200	0.17480	0.14911	0.03589	0.01569	0.51258	1.53831
0.650	47.557	0.300	0.17140	0.13515	0.03370	0.01553	1.15717	3.93741
0.650	63.409	0.400	0.15290	0.12637	0.02367	0.01507	1.25638	2.42529
0.650	79.261	0.500	0.13180	0.12005	0.02032	0.01415	0.33470	0.46561
0.650	95.113	0.600	0.10760	0.11514	0.01604	0.01282	0.22118	0.42741
0.045	4.305	0.300	2.15300	1.83073	0.16256	0.10450	3.93009	7.30700
0.045	5.741	0.400	2.04500	1.80196	0.18555	0.09982	1.71564	4.92779
0.080	5.103	0.200	2.24300	1.98845	0.13397	0.09478	3.61007	4.72825
0.080	7.654	0.300	2.24300	1.98051	0.13428	0.09326	3.82115	5.97692
0.080	10.205	0.400	2.09300	1.94815	0.18179	0.09034	0.63489	1.99005
0.125	7.973	0.200	2.20600	1.99042	0.10033	0.08596	4.61713	3.86316
0.125	11.960	0.300	1.99600	1.96087	0.10406	0.07867	0.11399	0.04218
0.125	15.946	0.400	1.99700	1.92187	0.16040	0.07944	0.21937	0.76338
0.175	5.581	0.100	2.08600	1.87912	0.12375	0.08613	2.79494	4.60999
0.175	11.162	0.200	1.89300	1.84841	0.10333	0.07869	0.18623	0.10497
0.175	16.743	0.300	2.01200	1.80526	0.10093	0.08147	4.19561	5.24922
0.175	22.324	0.400	1.75700	1.76364	0.12265	0.07515	0.00293	0.01559
0.225	7.176	0.100	1.72600	1.69084	0.10956	0.07872	0.10301	-0.05380
0.225	14.351	0.200	1.72200	1.63393	0.09251	0.07675	0.90646	0.33636
0.225	21.527	0.300	1.58200	1.58529	0.08719	0.07189	0.00143	0.01239
0.225	28.703	0.400	1.71000	1.54451	0.11797	0.07676	1.96798	3.31418
0.275	8.770	0.100	1.50600	1.46147	0.11787	0.07235	0.14276	-0.04828
0.275	17.541	0.200	1.43400	1.39144	0.09176	0.06988	0.21507	-0.17024
0.275	26.311	0.300	1.38900	1.34226	0.07814	0.06789	0.35780	-0.12420
0.275	35.081	0.400	1.34500	1.30391	0.07934	0.06733	0.26815	-0.04790
0.350	11.162	0.100	1.08900	1.10377	0.09499	0.04301	0.02417	0.68689
0.350	22.324	0.200	1.04900	1.02947	0.07220	0.04181	0.07319	-0.50135
0.350	33.487	0.300	1.10800	0.98437	0.05989	0.04270	4.26123	4.20506
0.350	44.649	0.400	0.99680	0.95132	0.05298	0.04087	0.73670	-0.06115
0.450	14.351	0.100	0.71420	0.68075	0.07797	0.03322	0.18409	-0.58628
0.450	28.703	0.200	0.70310	0.61712	0.06818	0.03314	1.59016	2.80168
0.450	43.054	0.300	0.62120	0.58210	0.05092	0.03069	0.58967	0.04670
0.450	57.406	0.400	0.60100	0.55778	0.04099	0.03033	1.11152	0.23277
0.550	17.541	0.100	0.38780	0.36652	0.06095	0.02183	0.12190	-0.47305
0.550	35.081	0.200	0.35020	0.32132	0.04751	0.02087	0.36945	0.53135
0.550	52.622	0.300	0.32100	0.29820	0.03693	0.01994	0.38130	0.21798
0.550	70.162	0.400	0.32040	0.28279	0.03017	0.02079	1.55419	1.50805
0.650	41.460	0.200	0.15320	0.13960	0.02494	0.01167	0.29746	0.78860
0.650	62.189	0.300	0.14080	0.12692	0.01887	0.01134	0.54092	0.83278
0.650	82.919	0.400	0.11470	0.11882	0.01557	0.01028	0.07018	0.37481
