ID            : 5948
TypeExp       : DISNEU
TypeTheo      : SIG
TypeCurrent   : CCWM
A1            : 56
A2            : 0
Z1            : 26
Z2            : 0
KinVar        : [X, Q2, Y ]

X	Q2	Y	data	theory	totError	totErrorUncor	chi2Naive	chi2Corr
0.175	4.976	0.659	0.41200	0.42040	0.03267	0.03267	0.06605	0.06605
0.225	4.922	0.507	0.51100	0.51488	0.04727	0.04727	0.00675	0.00675
0.225	6.398	0.659	0.31500	0.32402	0.03472	0.03472	0.06743	0.06743
0.275	4.645	0.392	0.60600	0.59390	0.04798	0.04798	0.06363	0.06363
0.275	6.016	0.507	0.39300	0.41792	0.03327	0.03327	0.56113	0.56113
0.275	7.819	0.659	0.23500	0.24554	0.02382	0.02382	0.19575	0.19575
0.350	7.657	0.507	0.29600	0.29575	0.02524	0.02524	0.00010	0.00010
0.350	9.952	0.659	0.15900	0.15878	0.01830	0.01830	0.00015	0.00015
0.450	9.844	0.507	0.19200	0.17384	0.01576	0.01576	1.32768	1.32768
0.450	12.796	0.659	0.09400	0.08499	0.01021	0.01021	0.77905	0.77905
0.550	15.639	0.659	0.03900	0.04191	0.00594	0.00594	0.24048	0.24048
0.125	4.621	0.659	0.57600	0.54138	0.05413	0.05413	0.40895	0.40895
0.175	4.977	0.507	0.62500	0.62837	0.04777	0.04777	0.00498	0.00498
0.175	6.469	0.659	0.42900	0.42694	0.03363	0.03363	0.00375	0.00375
0.225	4.941	0.392	0.65900	0.70708	0.06754	0.06754	0.50682	0.50682
0.225	6.399	0.507	0.53300	0.51620	0.04818	0.04818	0.12154	0.12154
0.225	8.317	0.659	0.36000	0.32612	0.03570	0.03570	0.90077	0.90077
0.275	4.628	0.300	0.74100	0.75776	0.06529	0.06529	0.06590	0.06590
0.275	6.039	0.392	0.55900	0.59005	0.04751	0.04751	0.42723	0.42723
0.275	7.821	0.507	0.42900	0.41565	0.03406	0.03406	0.15354	0.15354
0.275	10.165	0.659	0.25900	0.24530	0.02441	0.02441	0.31497	0.31497
0.350	7.686	0.392	0.41800	0.43144	0.03533	0.03533	0.14480	0.14480
0.350	9.954	0.507	0.28700	0.29092	0.02516	0.02516	0.02431	0.02431
0.350	12.938	0.659	0.16900	0.15701	0.01867	0.01867	0.41260	0.41260
0.450	9.882	0.392	0.24500	0.26115	0.02217	0.02217	0.53103	0.53103
0.450	12.797	0.507	0.17900	0.16848	0.01563	0.01563	0.45252	0.45252
0.450	16.634	0.659	0.08000	0.08294	0.01011	0.01011	0.08454	0.08454
0.550	15.641	0.507	0.08900	0.08736	0.00977	0.00977	0.02809	0.02809
0.550	20.331	0.659	0.04700	0.04031	0.00598	0.00598	1.24975	1.24975
0.650	24.027	0.659	0.02300	0.01699	0.00367	0.00367	2.68639	2.68639
0.125	4.625	0.507	0.73000	0.75616	0.05803	0.05803	0.20324	0.20324
0.125	6.011	0.659	0.63000	0.55492	0.04534	0.04534	2.74190	2.74190
0.175	5.000	0.392	0.84300	0.83343	0.06014	0.06014	0.02533	0.02533
0.175	6.475	0.507	0.63600	0.63449	0.04393	0.04393	0.00118	0.00118
0.175	8.416	0.659	0.47500	0.43244	0.03266	0.03266	1.69867	1.69867
0.225	4.926	0.300	0.84500	0.88695	0.07301	0.07301	0.33015	0.33015
0.225	6.428	0.392	0.69400	0.70689	0.05557	0.05557	0.05382	0.05382
0.225	8.325	0.507	0.53500	0.51646	0.04232	0.04232	0.19187	0.19187
0.225	10.821	0.659	0.37100	0.32743	0.03222	0.03222	1.82880	1.82880
0.275	4.636	0.231	0.86300	0.89619	0.06610	0.06610	0.25222	0.25222
0.275	6.021	0.300	0.75000	0.75165	0.05260	0.05260	0.00099	0.00099
0.275	7.857	0.392	0.58500	0.58513	0.04008	0.04008	0.00001	0.00001
0.275	10.175	0.507	0.39200	0.41264	0.02926	0.02926	0.49760	0.49760
0.275	13.225	0.659	0.25900	0.24445	0.02133	0.02133	0.46530	0.46530
0.350	7.663	0.300	0.56200	0.55926	0.04010	0.04010	0.00466	0.00466
0.350	10.000	0.392	0.43600	0.42307	0.02817	0.02817	0.21068	0.21068
0.350	12.950	0.507	0.29600	0.28574	0.01846	0.01846	0.30909	0.30909
0.350	16.832	0.659	0.18300	0.15493	0.01255	0.01255	5.00180	5.00180
0.450	9.852	0.300	0.32500	0.34365	0.02561	0.02561	0.53047	0.53047
0.450	12.857	0.392	0.24900	0.25222	0.01862	0.01862	0.02984	0.02984
0.450	16.650	0.507	0.15400	0.16317	0.01222	0.01222	0.56240	0.56240
0.450	21.641	0.659	0.09600	0.08083	0.00828	0.00828	3.35770	3.35770
0.550	15.714	0.392	0.12900	0.13300	0.01608	0.01608	0.06175	0.06175
0.550	20.349	0.507	0.08800	0.08327	0.00896	0.00896	0.27801	0.27801
0.550	26.450	0.659	0.04900	0.03878	0.00583	0.00583	3.07506	3.07506
0.650	24.049	0.507	0.04400	0.03609	0.00580	0.00580	1.86206	1.86206
0.650	31.259	0.659	0.02200	0.01606	0.00290	0.00290	4.19676	4.19676
0.080	4.995	0.659	0.82000	0.67973	0.06396	0.06396	4.80999	4.80999
0.125	4.636	0.392	1.04500	0.96567	0.08171	0.08171	0.94270	0.94270
0.125	6.004	0.507	0.82200	0.77061	0.06027	0.06027	0.72706	0.72706
0.125	7.804	0.659	0.60700	0.56693	0.04633	0.04633	0.74796	0.74796
0.175	4.974	0.300	0.98000	1.02440	0.08108	0.08108	0.29991	0.29991
0.175	6.491	0.392	0.82800	0.83915	0.06090	0.06090	0.03351	0.03351
0.175	8.406	0.507	0.68100	0.63910	0.04596	0.04596	0.83088	0.83088
0.175	10.926	0.659	0.48600	0.43668	0.03381	0.03381	2.12771	2.12771
0.225	4.924	0.231	0.96800	1.03874	0.09195	0.09195	0.59192	0.59192
0.225	6.395	0.300	0.77500	0.88537	0.07367	0.07367	2.24497	2.24497
0.225	8.345	0.392	0.67900	0.70530	0.05759	0.05759	0.20849	0.20849
0.225	10.807	0.507	0.53100	0.51564	0.04357	0.04357	0.12428	0.12428
0.225	14.047	0.659	0.33200	0.32783	0.03316	0.03316	0.01583	0.01583
0.275	4.624	0.177	0.94500	1.01249	0.08049	0.08049	0.70293	0.70293
0.275	6.018	0.231	0.84900	0.88819	0.06792	0.06792	0.33297	0.33297
0.275	7.816	0.300	0.65000	0.74428	0.05205	0.05205	3.28105	3.28105
0.275	10.200	0.392	0.56700	0.57931	0.04159	0.04159	0.08766	0.08766
0.275	13.209	0.507	0.42200	0.40889	0.03018	0.03018	0.18878	0.18878
0.275	17.169	0.659	0.25200	0.24301	0.02184	0.02184	0.16935	0.16935
0.350	7.660	0.231	0.62400	0.66737	0.05076	0.05076	0.73007	0.73007
0.350	9.947	0.300	0.53800	0.54761	0.03949	0.03949	0.05916	0.05916
0.350	12.981	0.392	0.39300	0.41443	0.02816	0.02816	0.57918	0.57918
0.350	16.811	0.507	0.26900	0.28029	0.01869	0.01869	0.36493	0.36493
0.350	21.851	0.659	0.15500	0.15260	0.01224	0.01224	0.03847	0.03847
0.450	9.848	0.231	0.42100	0.41347	0.03515	0.03515	0.04585	0.04585
0.450	12.790	0.300	0.31400	0.33139	0.02602	0.02602	0.44665	0.44665
0.450	16.690	0.392	0.23100	0.24361	0.01900	0.01900	0.44027	0.44027
0.450	21.614	0.507	0.15000	0.15801	0.01279	0.01279	0.39236	0.39236
0.450	28.095	0.659	0.07900	0.07871	0.00813	0.00813	0.00127	0.00127
0.550	15.632	0.300	0.16300	0.17626	0.02461	0.02461	0.29046	0.29046
0.550	20.399	0.392	0.11400	0.12642	0.01599	0.01599	0.60283	0.60283
0.550	26.418	0.507	0.08300	0.07956	0.00952	0.00952	0.13087	0.13087
0.550	34.338	0.659	0.04200	0.03728	0.00514	0.00514	0.84133	0.84133
0.650	24.108	0.392	0.04800	0.05528	0.00818	0.00818	0.79254	0.79254
0.650	31.221	0.507	0.03500	0.03386	0.00510	0.00510	0.05027	0.05027
0.650	40.581	0.659	0.01800	0.01520	0.00287	0.00287	0.94840	0.94840
0.045	4.753	0.857	0.77000	0.60156	0.06444	0.06444	6.83322	6.83322
0.080	4.999	0.507	1.05200	0.89426	0.07768	0.07768	4.12413	4.12413
0.080	6.498	0.659	0.79400	0.70383	0.06621	0.06621	1.85481	1.85481
0.080	8.450	0.857	0.59600	0.54153	0.06151	0.06151	0.78408	0.78408
0.125	4.622	0.300	1.22000	1.15962	0.08368	0.08368	0.52065	0.52065
0.125	6.032	0.392	1.04100	0.98151	0.06505	0.06505	0.83633	0.83633
0.125	7.811	0.507	0.82800	0.78334	0.04948	0.04948	0.81479	0.81479
0.125	10.153	0.659	0.62600	0.57746	0.03863	0.03863	1.57917	1.57917
0.125	13.204	0.857	0.46700	0.41110	0.03341	0.03341	2.79991	2.79991
0.175	4.983	0.231	1.14400	1.18538	0.08426	0.08426	0.24114	0.24114
0.175	6.471	0.300	1.00100	1.02995	0.06888	0.06888	0.17663	0.17663
0.175	8.444	0.392	0.82800	0.84306	0.05322	0.05322	0.08005	0.08005
0.175	10.936	0.507	0.64800	0.64223	0.04198	0.04198	0.01892	0.01892
0.175	14.214	0.659	0.47200	0.43969	0.03275	0.03275	0.97323	0.97323
0.175	18.485	0.857	0.30200	0.28138	0.02747	0.02747	0.56304	0.56304
0.225	4.922	0.177	1.08900	1.16599	0.08745	0.08745	0.77512	0.77512
0.225	6.406	0.231	0.97600	1.03594	0.07294	0.07294	0.67536	0.67536
0.225	8.320	0.300	0.79500	0.88206	0.05776	0.05776	2.27154	2.27154
0.225	10.857	0.392	0.67300	0.70235	0.04342	0.04342	0.45698	0.45698
0.225	14.060	0.507	0.50200	0.51370	0.03176	0.03176	0.13580	0.13580
0.225	18.275	0.659	0.35800	0.32731	0.02421	0.02421	1.60680	1.60680
0.225	23.766	0.857	0.22400	0.18504	0.01947	0.01947	4.00218	4.00218
0.275	4.627	0.137	0.92900	1.10677	0.09292	0.09292	3.66035	3.66035
0.275	6.016	0.177	0.92200	1.00277	0.08112	0.08112	0.99131	0.99131
0.275	7.830	0.231	0.87700	0.87859	0.06855	0.06855	0.00054	0.00054
0.275	10.168	0.300	0.72800	0.73574	0.05373	0.05373	0.02073	0.02073
0.275	13.270	0.392	0.53100	0.57255	0.03785	0.03785	1.20469	1.20469
0.275	17.185	0.507	0.35100	0.40440	0.02542	0.02542	4.41281	4.41281
0.275	22.337	0.659	0.25900	0.24102	0.01858	0.01858	0.93682	0.93682
0.275	29.048	0.857	0.13300	0.11853	0.01465	0.01465	0.97585	0.97585
0.350	7.657	0.177	0.71900	0.75817	0.06075	0.06075	0.41590	0.41590
0.350	9.965	0.231	0.63200	0.65272	0.04896	0.04896	0.17906	0.17906
0.350	12.942	0.300	0.51200	0.53553	0.03741	0.03741	0.39586	0.39586
0.350	16.889	0.392	0.40900	0.40545	0.02747	0.02747	0.01668	0.01668
0.350	21.871	0.507	0.26500	0.27459	0.01731	0.01731	0.30672	0.30672
0.350	28.428	0.659	0.14900	0.15004	0.01078	0.01078	0.00925	0.00925
0.350	36.970	0.857	0.07200	0.05867	0.00808	0.00808	2.72444	2.72444
0.450	9.845	0.177	0.44500	0.47216	0.03990	0.03990	0.46348	0.46348
0.450	12.812	0.231	0.35800	0.39819	0.03171	0.03171	1.60665	1.60665
0.450	16.639	0.300	0.30800	0.31949	0.02504	0.02504	0.21047	0.21047
0.450	21.714	0.392	0.23300	0.23525	0.01823	0.01823	0.01522	0.01522
0.450	28.120	0.507	0.15000	0.15298	0.01210	0.01210	0.06049	0.06049
0.450	36.551	0.659	0.07800	0.07650	0.00742	0.00742	0.04070	0.04070
0.450	47.533	0.857	0.02700	0.02185	0.00506	0.00506	1.03589	1.03589
0.550	15.659	0.231	0.19500	0.21273	0.03137	0.03137	0.31956	0.31956
0.550	20.337	0.300	0.16300	0.16719	0.02330	0.02330	0.03233	0.03233
0.550	26.539	0.392	0.11100	0.12041	0.01477	0.01477	0.40576	0.40576
0.550	34.369	0.507	0.07400	0.07600	0.00946	0.00946	0.04463	0.04463
0.550	44.673	0.659	0.04000	0.03580	0.00440	0.00440	0.91325	0.91325
0.550	58.095	0.857	0.01600	0.00779	0.00287	0.00287	8.21664	8.21664
0.650	24.034	0.300	0.06500	0.07345	0.01098	0.01098	0.59221	0.59221
0.650	31.365	0.392	0.05100	0.05168	0.00795	0.00795	0.00739	0.00739
0.650	40.618	0.507	0.03900	0.03181	0.00577	0.00577	1.55407	1.55407
0.650	52.795	0.659	0.01400	0.01438	0.00363	0.00363	0.01113	0.01113
0.650	68.658	0.857	0.00600	0.00257	0.00224	0.00224	2.33982	2.33982
0.045	4.751	0.659	1.02600	0.79292	0.07262	0.07262	10.30195	10.30195
0.045	6.179	0.857	0.79000	0.63939	0.06613	0.06613	5.18688	5.18688
0.080	5.018	0.392	1.20200	1.10055	0.09400	0.09400	1.16466	1.16466
0.080	6.498	0.507	1.09500	0.92072	0.07998	0.07998	4.74785	4.74785
0.080	8.446	0.659	0.86700	0.72621	0.06740	0.06740	4.36419	4.36419
0.080	10.984	0.857	0.65200	0.56129	0.06192	0.06192	2.14612	2.14612
0.125	4.626	0.231	1.36800	1.32265	0.10611	0.10611	0.18269	0.18269
0.125	6.008	0.300	1.27700	1.17679	0.08709	0.08709	1.32381	1.32381
0.125	7.840	0.392	1.05300	0.99504	0.06687	0.06687	0.75129	0.75129
0.125	10.153	0.507	0.82300	0.79409	0.05053	0.05053	0.32736	0.32736
0.125	13.197	0.659	0.65300	0.58626	0.04010	0.04010	2.76945	2.76945
0.125	17.163	0.857	0.43200	0.41896	0.03376	0.03376	0.14929	0.14929
0.175	4.977	0.177	1.22000	1.32007	0.10354	0.10354	0.93420	0.93420
0.175	6.477	0.231	1.15100	1.19071	0.08869	0.08869	0.20044	0.20044
0.175	8.411	0.300	1.07600	1.03326	0.07340	0.07340	0.33904	0.33904
0.175	10.976	0.392	0.80000	0.84512	0.05471	0.05471	0.68012	0.68012
0.175	14.215	0.507	0.66500	0.64381	0.04397	0.04397	0.23235	0.23235
0.175	18.476	0.659	0.48300	0.44140	0.03347	0.03347	1.54478	1.54478
0.175	24.028	0.857	0.31900	0.28363	0.02869	0.02869	1.51913	1.51913
0.225	4.920	0.137	1.03900	1.26916	0.10300	0.10300	4.99372	4.99372
0.225	6.398	0.177	1.09000	1.16219	0.09122	0.09122	0.62631	0.62631
0.225	8.327	0.231	0.94900	1.03116	0.07518	0.07518	1.19432	1.19432
0.225	10.814	0.300	0.85400	0.87718	0.06099	0.06099	0.14446	0.14446
0.225	14.113	0.392	0.69000	0.69811	0.04617	0.04617	0.03089	0.03089
0.225	18.276	0.507	0.51000	0.51070	0.03380	0.03380	0.00043	0.00043
0.225	23.755	0.659	0.32200	0.32602	0.02379	0.02379	0.02855	0.02855
0.225	30.893	0.857	0.22300	0.18519	0.02015	0.02015	3.52229	3.52229
0.275	4.626	0.105	0.97700	1.18230	0.10985	0.10985	3.49306	3.49306
0.275	6.014	0.137	0.93600	1.09573	0.09728	0.09728	2.69601	2.69601
0.275	7.820	0.177	0.92500	0.99138	0.08426	0.08426	0.62058	0.62058
0.275	10.177	0.231	0.86200	0.86778	0.07028	0.07028	0.00677	0.00677
0.275	13.217	0.300	0.64100	0.72621	0.05282	0.05282	2.60241	2.60241
0.275	17.249	0.392	0.50100	0.56503	0.03816	0.03816	2.81528	2.81528
0.275	22.337	0.507	0.40000	0.39934	0.02806	0.02806	0.00056	0.00056
0.275	29.034	0.659	0.27300	0.23853	0.02018	0.02018	2.91703	2.91703
0.275	37.758	0.857	0.11700	0.11796	0.01387	0.01387	0.00483	0.00483
0.350	7.654	0.137	0.74400	0.83190	0.07308	0.07308	1.44670	1.44670
0.350	9.953	0.177	0.75300	0.74112	0.06397	0.06397	0.03447	0.03447
0.350	12.953	0.231	0.58400	0.63783	0.05030	0.05030	1.14515	1.14515
0.350	16.822	0.300	0.53100	0.52329	0.03873	0.03873	0.03961	0.03961
0.350	21.953	0.392	0.38900	0.39637	0.02723	0.02723	0.07336	0.07336
0.350	28.429	0.507	0.27400	0.26877	0.01808	0.01808	0.08382	0.08382
0.350	36.953	0.659	0.15500	0.14720	0.01152	0.01152	0.45817	0.45817
0.350	48.055	0.857	0.06400	0.05802	0.00802	0.00802	0.55546	0.55546
0.450	9.841	0.137	0.42800	0.51984	0.04844	0.04844	3.59471	3.59471
0.450	12.797	0.177	0.38700	0.45446	0.04059	0.04059	2.76177	2.76177
0.450	16.654	0.231	0.38500	0.38360	0.03375	0.03375	0.00173	0.00173
0.450	21.628	0.300	0.27400	0.30816	0.02471	0.02471	1.91022	1.91022
0.450	28.225	0.392	0.21300	0.22729	0.01803	0.01803	0.62811	0.62811
0.450	36.552	0.507	0.15200	0.14800	0.01281	0.01281	0.09744	0.09744
0.450	47.510	0.659	0.07000	0.07424	0.00806	0.00806	0.27707	0.27707
0.450	61.785	0.857	0.02400	0.02147	0.00505	0.00505	0.25062	0.25062
0.550	15.641	0.177	0.23000	0.24350	0.03991	0.03991	0.11442	0.11442
0.550	20.355	0.231	0.17600	0.20163	0.03083	0.03083	0.69098	0.69098
0.550	26.435	0.300	0.15300	0.15904	0.02239	0.02239	0.07286	0.07286
0.550	34.497	0.392	0.10700	0.11479	0.01475	0.01475	0.27874	0.27874
0.550	44.675	0.507	0.07000	0.07262	0.00944	0.00944	0.07731	0.07731
0.550	58.068	0.659	0.03100	0.03435	0.00508	0.00508	0.43467	0.43467
0.550	75.515	0.857	0.01500	0.00761	0.00286	0.00286	6.67772	6.67772
0.650	24.056	0.231	0.08800	0.08878	0.01521	0.01521	0.00262	0.00262
0.650	31.241	0.300	0.07200	0.06858	0.01222	0.01222	0.07840	0.07840
0.650	40.770	0.392	0.05800	0.04846	0.00865	0.00865	1.21704	1.21704
0.650	52.797	0.507	0.02800	0.02995	0.00506	0.00506	0.14793	0.14793
0.650	68.626	0.659	0.01200	0.01361	0.00362	0.00362	0.19854	0.19854
0.650	89.245	0.857	0.00500	0.00249	0.00224	0.00224	1.25455	1.25455
0.045	4.751	0.507	1.22200	1.00432	0.12451	0.12451	3.05630	3.05630
0.045	6.175	0.659	0.95400	0.83281	0.11610	0.11610	1.08958	1.08958
0.045	8.031	0.857	0.83300	0.67632	0.11374	0.11374	1.89771	1.89771
0.080	4.998	0.300	1.18900	1.28949	0.12955	0.12955	0.60163	0.60163
0.080	6.522	0.392	1.12700	1.12983	0.11063	0.11063	0.00065	0.00065
0.080	8.446	0.507	1.12700	0.94516	0.09812	0.09812	3.43490	3.43490
0.080	10.978	0.659	0.83000	0.74642	0.08312	0.08312	1.01097	1.01097
0.080	14.277	0.857	0.69900	0.57942	0.07862	0.07862	2.31313	2.31313
0.125	4.620	0.177	1.40300	1.45870	0.13572	0.13572	0.16843	0.16843
0.125	6.013	0.231	1.45000	1.34102	0.12074	0.12074	0.81477	0.81477
0.125	7.809	0.300	1.32100	1.19131	0.10179	0.10179	1.62331	1.62331
0.125	10.191	0.392	0.95300	1.00628	0.08133	0.08133	0.42911	0.42911
0.125	13.197	0.507	0.87200	0.80285	0.07060	0.07060	0.95931	0.95931
0.125	17.153	0.659	0.64300	0.59334	0.06034	0.06034	0.67730	0.67730
0.125	22.307	0.857	0.44600	0.42531	0.05561	0.05561	0.13850	0.13850
0.175	4.974	0.137	1.32500	1.42919	0.14610	0.14610	0.50858	0.50858
0.175	6.468	0.177	1.22400	1.32527	0.12635	0.12635	0.64245	0.64245
0.175	8.418	0.231	1.12900	1.19352	0.10657	0.10657	0.36659	0.36659
0.175	10.932	0.300	1.04500	1.03446	0.08701	0.08701	0.01468	0.01468
0.175	14.267	0.392	0.83100	0.84541	0.06747	0.06747	0.04562	0.04562
0.175	18.476	0.507	0.64300	0.64389	0.05290	0.05290	0.00029	0.00029
0.175	24.015	0.659	0.44400	0.44197	0.04181	0.04181	0.00236	0.00236
0.175	31.230	0.857	0.27500	0.28484	0.03503	0.03503	0.07896	0.07896
0.225	4.920	0.105	1.49900	1.35176	0.17649	0.17649	0.69596	0.69596
0.225	6.395	0.137	1.16000	1.26455	0.13971	0.13971	0.55998	0.55998
0.225	8.316	0.177	1.04000	1.15620	0.12057	0.12057	0.92886	0.92886
0.225	10.823	0.231	0.88900	1.02464	0.09971	0.09971	1.85035	1.85035
0.225	14.056	0.300	0.84100	0.87084	0.08145	0.08145	0.13425	0.13425
0.225	18.343	0.392	0.67400	0.69266	0.06495	0.06495	0.08257	0.08257
0.225	23.755	0.507	0.53000	0.50681	0.05074	0.05074	0.20890	0.20890
0.225	30.876	0.659	0.32800	0.32395	0.03941	0.03941	0.01055	0.01055
0.225	40.153	0.857	0.18300	0.18459	0.03395	0.03395	0.00218	0.00218
0.275	4.610	0.081	1.15000	1.24306	0.15362	0.15362	0.36698	0.36698
0.275	6.013	0.105	1.02600	1.17017	0.13339	0.13339	1.16817	1.16817
0.275	7.817	0.137	1.09400	1.08285	0.12150	0.12150	0.00842	0.00842
0.275	10.165	0.177	0.86900	0.97865	0.09938	0.09938	1.21736	1.21736
0.275	13.228	0.231	0.79600	0.85588	0.08177	0.08177	0.53634	0.53634
0.275	17.179	0.300	0.66500	0.71585	0.06305	0.06305	0.65029	0.65029
0.275	22.419	0.392	0.54000	0.55689	0.04855	0.04855	0.12107	0.12107
0.275	29.033	0.507	0.38200	0.39375	0.03443	0.03443	0.11638	0.11638
0.275	37.738	0.659	0.23500	0.23549	0.02501	0.02501	0.00039	0.00039
0.275	49.076	0.857	0.12800	0.11695	0.01945	0.01945	0.32278	0.32278
0.350	7.653	0.105	0.77300	0.89096	0.09600	0.09600	1.50969	1.50969
0.350	9.948	0.137	0.68600	0.81285	0.08259	0.08259	2.35926	2.35926
0.350	12.937	0.177	0.67600	0.72382	0.07186	0.07186	0.44288	0.44288
0.350	16.836	0.231	0.62200	0.62278	0.05839	0.05839	0.00018	0.00018
0.350	21.865	0.300	0.49200	0.51101	0.04432	0.04432	0.18390	0.18390
0.350	28.534	0.392	0.37300	0.38725	0.03230	0.03230	0.19470	0.19470
0.350	36.951	0.507	0.25800	0.26269	0.02246	0.02246	0.04363	0.04363
0.350	48.030	0.659	0.14400	0.14412	0.01473	0.01473	0.00006	0.00006
0.350	62.460	0.857	0.05800	0.05716	0.01094	0.01094	0.00594	0.00594
0.450	9.839	0.105	0.51600	0.55804	0.08260	0.08260	0.25906	0.25906
0.450	12.791	0.137	0.53800	0.50013	0.07268	0.07268	0.27155	0.27155
0.450	16.633	0.177	0.40600	0.43756	0.05885	0.05885	0.28758	0.28758
0.450	21.646	0.231	0.30500	0.36972	0.04444	0.04444	2.12121	2.12121
0.450	28.112	0.300	0.31800	0.29740	0.03464	0.03464	0.35350	0.35350
0.450	36.686	0.392	0.22900	0.21951	0.02356	0.02356	0.16235	0.16235
0.450	47.509	0.507	0.14300	0.14307	0.01421	0.01421	0.00003	0.00003
0.450	61.752	0.659	0.08500	0.07193	0.00800	0.00800	2.66981	2.66981
0.450	80.306	0.857	0.02800	0.02101	0.00454	0.00454	2.36533	2.36533
0.550	15.633	0.137	0.22800	0.26847	0.04596	0.04596	0.77553	0.77553
0.550	20.329	0.177	0.23700	0.23065	0.03999	0.03999	0.02522	0.02522
0.550	26.456	0.231	0.19600	0.19166	0.03131	0.03131	0.01923	0.01923
0.550	34.359	0.300	0.15100	0.15145	0.02321	0.02321	0.00038	0.00038
0.550	44.838	0.392	0.10200	0.10949	0.01515	0.01515	0.24457	0.24457
0.550	58.067	0.507	0.06500	0.06940	0.00941	0.00941	0.21843	0.21843
0.550	75.475	0.659	0.04400	0.03292	0.00683	0.00683	2.63480	2.63480
0.550	98.152	0.857	0.01300	0.00739	0.00362	0.00362	2.39160	2.39160
0.650	24.025	0.177	0.10100	0.10171	0.02541	0.02541	0.00079	0.00079
0.650	31.267	0.231	0.08200	0.08283	0.02038	0.02038	0.00166	0.00166
0.650	40.606	0.300	0.06800	0.06423	0.01456	0.01456	0.06718	0.06718
0.650	52.991	0.392	0.05200	0.04554	0.01073	0.01073	0.36237	0.36237
0.650	68.624	0.507	0.02600	0.02823	0.00645	0.00645	0.11936	0.11936
0.650	89.198	0.659	0.01200	0.01288	0.00426	0.00426	0.04314	0.04314
0.650	115.998	0.857	0.00300	0.00240	0.00224	0.00224	0.07185	0.07185
0.045	4.769	0.392	1.54000	1.20313	0.17618	0.17618	3.65623	3.65623
0.045	6.176	0.507	1.22600	1.04837	0.16086	0.16086	1.21935	1.21935
0.045	8.028	0.659	1.08900	0.87158	0.14597	0.14597	2.21841	2.21841
0.045	10.440	0.857	0.92200	0.71190	0.14175	0.14175	2.19696	2.19696
0.080	5.003	0.231	1.36600	1.44783	0.19428	0.19428	0.17741	0.17741
0.080	6.497	0.300	1.32400	1.32168	0.16751	0.16751	0.00019	0.00019
0.080	8.479	0.392	1.31800	1.15671	0.14527	0.14527	1.23266	1.23266
0.080	10.980	0.507	1.04300	0.96711	0.12079	0.12079	0.39470	0.39470
0.080	14.272	0.659	0.78600	0.76484	0.10271	0.10271	0.04244	0.04244
0.080	18.560	0.857	0.71100	0.59560	0.09594	0.09594	1.44705	1.44705
0.125	4.619	0.137	1.65500	1.56881	0.21219	0.21219	0.16501	0.16501
0.125	6.006	0.177	1.27800	1.47814	0.16973	0.16973	1.39042	1.39042
0.125	7.817	0.231	1.35100	1.35639	0.15093	0.15093	0.00128	0.00128
0.125	10.152	0.300	1.12100	1.20320	0.12652	0.12652	0.42206	0.42206
0.125	13.248	0.392	1.04000	1.01523	0.10816	0.10816	0.05246	0.05246
0.125	17.156	0.507	0.80900	0.80963	0.08867	0.08867	0.00005	0.00005
0.125	22.299	0.659	0.61200	0.59876	0.07532	0.07532	0.03092	0.03092
0.125	28.999	0.857	0.43000	0.43019	0.06824	0.06824	0.00001	0.00001
0.175	4.974	0.105	1.08000	1.51651	0.20901	0.20901	4.36143	4.36143
0.175	6.467	0.137	1.30100	1.43429	0.19725	0.19725	0.45665	0.45665
0.175	8.409	0.177	1.31700	1.32771	0.17160	0.17160	0.00390	0.00390
0.175	10.943	0.231	1.05400	1.19399	0.13568	0.13568	1.06456	1.06456
0.175	14.212	0.300	0.98800	1.03365	0.11338	0.11338	0.16209	0.16209
0.175	18.547	0.392	0.82000	0.84399	0.09043	0.09043	0.07040	0.07040
0.175	24.018	0.507	0.72600	0.64266	0.07437	0.07437	1.25575	1.25575
0.175	31.219	0.659	0.41500	0.44138	0.05297	0.05297	0.24796	0.24796
0.175	40.599	0.857	0.31200	0.28503	0.04622	0.04622	0.34048	0.34048
0.225	4.903	0.081	1.35800	1.41806	0.24298	0.24298	0.06109	0.06109
0.225	6.395	0.105	1.37400	1.34648	0.22628	0.22628	0.01479	0.01479
0.225	8.314	0.137	1.31300	1.25756	0.19302	0.19302	0.08250	0.08250
0.225	10.811	0.177	1.18800	1.14830	0.16178	0.16178	0.06022	0.06022
0.225	14.070	0.231	0.93000	1.01650	0.12798	0.12798	0.45687	0.45687
0.225	18.273	0.300	0.75400	0.86315	0.10272	0.10272	1.12914	1.12914
0.225	23.846	0.392	0.70400	0.68622	0.08530	0.08530	0.04343	0.04343
0.225	30.881	0.507	0.49400	0.50204	0.06526	0.06526	0.01516	0.01516
0.225	40.139	0.659	0.29000	0.32104	0.04898	0.04898	0.40160	0.40160
0.225	52.199	0.857	0.18900	0.18336	0.04223	0.04223	0.01784	0.01784
0.275	4.616	0.062	1.09300	1.28984	0.23647	0.23647	0.69294	0.69294
0.275	5.993	0.081	1.14700	1.23007	0.21526	0.21526	0.14894	0.14894
0.275	7.817	0.105	0.99600	1.15610	0.18383	0.18383	0.75846	0.75846
0.275	10.162	0.137	1.07100	1.06855	0.16688	0.16688	0.00022	0.00022
0.275	13.214	0.177	0.95700	0.96475	0.13835	0.13835	0.00314	0.00314
0.275	17.197	0.231	0.79300	0.84310	0.10845	0.10845	0.21338	0.21338
0.275	22.333	0.300	0.76700	0.70483	0.09173	0.09173	0.45936	0.45936
0.275	29.145	0.392	0.54700	0.54820	0.06758	0.06758	0.00031	0.00031
0.275	37.743	0.507	0.47700	0.38754	0.05582	0.05582	2.56839	2.56839
0.275	49.059	0.659	0.24300	0.23195	0.03484	0.03484	0.10067	0.10067
0.275	63.799	0.857	0.12300	0.11553	0.02509	0.02509	0.08871	0.08871
0.350	7.627	0.081	0.77500	0.93862	0.13841	0.13841	1.39746	1.39746
0.350	9.948	0.105	0.67600	0.87030	0.11967	0.11967	2.63606	2.63606
0.350	12.933	0.137	0.70500	0.79357	0.10728	0.10728	0.68164	0.68164
0.350	16.818	0.177	0.64400	0.70640	0.09168	0.09168	0.46326	0.46326
0.350	21.887	0.231	0.50900	0.60776	0.07083	0.07083	1.94429	1.94429
0.350	28.424	0.300	0.49600	0.49876	0.05839	0.05839	0.00224	0.00224
0.350	37.094	0.392	0.39900	0.37791	0.04354	0.04354	0.23461	0.23461
0.350	48.037	0.507	0.23100	0.25639	0.03014	0.03014	0.70928	0.70928
0.350	62.439	0.659	0.16600	0.14080	0.02135	0.02135	1.39353	1.39353
0.350	81.198	0.857	0.06500	0.05610	0.01426	0.01426	0.38973	0.38973
0.450	9.806	0.081	0.61200	0.58899	0.11876	0.11876	0.03753	0.03753
0.450	12.791	0.105	0.38600	0.53670	0.09438	0.09438	2.54975	2.54975
0.450	16.628	0.137	0.40000	0.48133	0.08441	0.08441	0.92848	0.92848
0.450	21.623	0.177	0.36800	0.42151	0.06957	0.06957	0.59166	0.59166
0.450	28.140	0.231	0.32100	0.35658	0.05665	0.05665	0.39449	0.39449
0.450	36.545	0.300	0.25700	0.28695	0.04308	0.04308	0.48323	0.48323
0.450	47.692	0.392	0.24900	0.21188	0.03242	0.03242	1.31153	1.31153
0.450	61.762	0.507	0.13000	0.13817	0.01959	0.01959	0.17407	0.17407
0.450	80.278	0.659	0.04900	0.06958	0.00995	0.00995	4.27769	4.27769
0.450	104.398	0.857	0.01900	0.02048	0.00586	0.00586	0.06362	0.06362
0.550	15.633	0.105	0.30900	0.28847	0.07268	0.07268	0.07982	0.07982
0.550	20.323	0.137	0.28300	0.25419	0.06206	0.06206	0.21554	0.21554
0.550	26.428	0.177	0.17700	0.21913	0.04714	0.04714	0.79863	0.79863
0.550	34.393	0.231	0.18200	0.18239	0.03856	0.03856	0.00010	0.00010
0.550	44.667	0.300	0.14300	0.14433	0.02858	0.02858	0.00215	0.00215
0.550	58.290	0.392	0.10600	0.10447	0.02084	0.02084	0.00540	0.00540
0.550	75.487	0.507	0.05000	0.06629	0.01229	0.01229	1.75654	1.75654
0.550	98.118	0.659	0.03400	0.03151	0.00768	0.00768	0.10512	0.10512
0.550	127.598	0.857	0.01000	0.00716	0.00448	0.00448	0.40272	0.40272
0.650	31.233	0.177	0.11500	0.09484	0.02925	0.02925	0.47478	0.47478
0.650	40.647	0.231	0.05600	0.07752	0.01992	0.01992	1.16740	1.16740
0.650	52.788	0.300	0.04300	0.06029	0.01492	0.01492	1.34364	1.34364
0.650	68.888	0.392	0.05100	0.04286	0.01289	0.01289	0.39920	0.39920
0.650	89.211	0.507	0.02400	0.02662	0.00784	0.00784	0.11181	0.11181
0.650	115.957	0.659	0.00700	0.01219	0.00425	0.00425	1.49028	1.49028
0.650	150.797	0.857	0.00600	0.00230	0.00425	0.00425	0.75872	0.75872
0.015	4.524	0.857	1.43400	0.72821	0.25160	0.25160	7.86939	7.86939
0.045	4.751	0.300	1.31300	1.38228	0.29256	0.29256	0.05608	0.05608
0.045	6.200	0.392	1.20600	1.25177	0.26156	0.26156	0.03062	0.03062
0.045	8.029	0.507	1.23300	1.09096	0.24509	0.24509	0.33590	0.33590
0.045	10.437	0.659	1.04200	0.90920	0.22054	0.22054	0.36258	0.36258
0.045	13.572	0.857	0.79300	0.74567	0.20699	0.20699	0.05228	0.05228
0.080	4.998	0.177	1.64400	1.57946	0.37060	0.37060	0.03033	0.03033
0.080	6.504	0.231	1.55700	1.48254	0.32279	0.32279	0.05321	0.05321
0.080	8.447	0.300	1.20100	1.35111	0.26078	0.26078	0.33134	0.33134
0.080	11.023	0.392	1.37100	1.18074	0.24018	0.24018	0.62750	0.62750
0.080	14.275	0.507	1.28000	0.98696	0.20798	0.20798	1.98524	1.98524
0.080	18.554	0.659	0.80100	0.78109	0.16238	0.16238	0.01503	0.01503
0.080	24.129	0.857	0.47600	0.60975	0.13376	0.13376	0.99981	0.99981
0.125	4.619	0.105	1.31100	1.65683	0.37319	0.37319	0.85879	0.85879
0.125	6.005	0.137	1.28200	1.58912	0.32546	0.32546	0.89049	0.89049
0.125	7.809	0.177	1.25700	1.49429	0.27709	0.27709	0.73339	0.73339
0.125	10.162	0.231	1.53600	1.36885	0.26553	0.26553	0.39626	0.39626
0.125	13.198	0.300	1.38000	1.21250	0.24518	0.24518	0.46672	0.46672
0.125	17.223	0.392	1.01300	1.02191	0.17666	0.17666	0.00254	0.00254
0.125	22.304	0.507	0.91600	0.81448	0.15154	0.15154	0.44877	0.44877
0.125	28.991	0.659	0.50000	0.60255	0.11081	0.11081	0.85657	0.85657
0.125	37.701	0.857	0.47200	0.43357	0.10942	0.10942	0.12335	0.12335
0.175	4.958	0.081	1.25900	1.58641	0.40768	0.40768	0.64498	0.64498
0.175	6.467	0.105	1.22400	1.52153	0.35868	0.35868	0.68806	0.68806
0.175	8.407	0.137	1.45800	1.43643	0.33665	0.33665	0.00411	0.00411
0.175	10.932	0.177	1.33400	1.32760	0.27561	0.27561	0.00054	0.00054
0.175	14.227	0.231	1.11600	1.19225	0.22618	0.22618	0.11365	0.11365
0.175	18.477	0.300	0.85600	1.03093	0.17784	0.17784	0.96753	0.96753
0.175	24.112	0.392	1.10600	0.84106	0.17170	0.17170	2.38085	2.38085
0.175	31.226	0.507	0.61300	0.64008	0.11674	0.11674	0.05382	0.05382
0.175	40.587	0.659	0.39600	0.43963	0.08735	0.08735	0.24948	0.24948
0.175	52.782	0.857	0.26300	0.28426	0.06944	0.06944	0.09374	0.09374
0.225	4.910	0.062	0.81500	1.46922	0.38917	0.38917	2.82599	2.82599
0.225	6.374	0.081	0.84200	1.41228	0.35315	0.35315	2.60768	2.60768
0.225	8.315	0.105	1.14400	1.33869	0.35355	0.35355	0.30324	0.30324
0.225	10.809	0.137	1.08400	1.24854	0.30141	0.30141	0.29801	0.29801
0.225	14.056	0.177	0.85800	1.13868	0.23715	0.23715	1.40077	1.40077
0.225	18.292	0.231	0.90900	1.00691	0.21101	0.21101	0.21531	0.21531
0.225	23.756	0.300	0.74300	0.85437	0.17025	0.17025	0.42793	0.42793
0.225	31.001	0.392	0.73900	0.67880	0.15533	0.15533	0.15022	0.15022
0.225	40.147	0.507	0.30300	0.49629	0.09146	0.09146	4.46619	4.46619
0.225	52.184	0.659	0.31200	0.31740	0.08071	0.08071	0.00447	0.00447
0.225	67.862	0.857	0.21600	0.18153	0.07367	0.07367	0.21891	0.21891
0.275	4.646	0.048	0.88800	1.32558	0.42659	0.42659	1.05222	1.05222
0.275	6.001	0.062	1.09700	1.27616	0.41573	0.41573	0.18571	0.18571
0.275	7.791	0.081	1.48400	1.21505	0.42214	0.42214	0.40591	0.40591
0.275	10.162	0.105	1.06800	1.14053	0.32277	0.32277	0.05049	0.05049
0.275	13.211	0.137	1.09600	1.05303	0.28355	0.28355	0.02297	0.02297
0.275	17.179	0.177	0.64400	0.94993	0.19265	0.19265	2.52189	2.52189
0.275	22.357	0.231	0.80500	0.82964	0.18439	0.18439	0.01786	0.01786
0.275	29.035	0.300	0.71100	0.69325	0.15134	0.15134	0.01375	0.01375
0.275	37.890	0.392	0.43800	0.53885	0.10676	0.10676	0.89226	0.89226
0.275	49.069	0.507	0.33300	0.38078	0.08210	0.08210	0.33868	0.33868
0.275	63.780	0.659	0.12200	0.22793	0.04815	0.04815	4.84089	4.84089
0.275	82.943	0.857	0.23100	0.11374	0.06927	0.06927	2.86613	2.86613
0.350	7.637	0.062	1.12100	0.97515	0.31127	0.31127	0.21955	0.21955
0.350	9.916	0.081	0.75600	0.91667	0.23645	0.23645	0.46172	0.46172
0.350	12.934	0.105	0.95700	0.84943	0.22991	0.22991	0.21890	0.21890
0.350	16.814	0.137	0.65900	0.77422	0.17218	0.17218	0.44784	0.44784
0.350	21.864	0.177	0.68700	0.68908	0.14831	0.14831	0.00020	0.00020
0.350	28.454	0.231	0.68200	0.59287	0.12723	0.12723	0.49080	0.49080
0.350	36.953	0.300	0.49300	0.48635	0.09487	0.09487	0.00491	0.00491
0.350	48.224	0.392	0.35700	0.36838	0.06972	0.06972	0.02664	0.02664
0.350	62.451	0.507	0.26800	0.24987	0.05246	0.05246	0.11949	0.11949
0.350	81.174	0.659	0.13300	0.13727	0.03376	0.03376	0.01601	0.01601
0.350	105.564	0.857	0.07000	0.05486	0.02394	0.02394	0.40028	0.40028
0.450	9.819	0.062	0.51100	0.61259	0.23203	0.23203	0.19168	0.19168
0.450	12.749	0.081	0.83600	0.56633	0.24729	0.24729	1.18917	1.18917
0.450	16.629	0.105	0.59500	0.51639	0.19187	0.19187	0.16783	0.16783
0.450	21.618	0.137	0.76000	0.46353	0.18037	0.18037	2.70165	2.70165
0.450	28.111	0.177	0.44700	0.40637	0.12529	0.12529	0.10514	0.10514
0.450	36.584	0.231	0.25900	0.34387	0.08810	0.08810	0.92794	0.92794
0.450	47.512	0.300	0.32300	0.27676	0.07573	0.07573	0.37273	0.37273
0.450	62.003	0.392	0.16300	0.20437	0.04740	0.04740	0.76186	0.76186
0.450	80.295	0.507	0.06800	0.13329	0.02602	0.02602	6.29847	6.29847
0.450	104.367	0.659	0.09400	0.06716	0.02466	0.02466	1.18390	1.18390
0.450	135.725	0.857	0.02900	0.01988	0.01337	0.01337	0.46579	0.46579
0.550	15.582	0.081	0.29600	0.30473	0.12420	0.12420	0.00494	0.00494
0.550	20.324	0.105	0.19700	0.27304	0.09432	0.09432	0.64995	0.64995
0.550	26.422	0.137	0.17300	0.24141	0.07839	0.07839	0.76158	0.76158
0.550	34.358	0.177	0.19200	0.20844	0.06849	0.06849	0.05760	0.05760
0.550	44.714	0.231	0.11000	0.17371	0.04812	0.04812	1.75347	1.75347
0.550	58.070	0.300	0.16500	0.13760	0.04809	0.04809	0.32470	0.32470
0.550	75.781	0.392	0.07100	0.09967	0.02873	0.02873	0.99599	0.99599
0.550	98.138	0.507	0.04400	0.06328	0.01974	0.01974	0.95383	0.95383
0.550	127.560	0.659	0.01900	0.03011	0.01210	0.01210	0.84384	0.84384
0.550	165.886	0.857	0.03500	0.00689	0.01459	0.01459	3.70842	3.70842
0.650	68.628	0.300	0.04600	0.05670	0.02527	0.02527	0.17915	0.17915
0.650	89.559	0.392	0.01500	0.04037	0.01487	0.01487	2.90973	2.90973
0.650	115.981	0.507	0.02000	0.02511	0.01254	0.01254	0.16587	0.16587
0.650	150.752	0.659	0.01800	0.01151	0.01078	0.01078	0.36223	0.36223
0.650	196.047	0.857	0.01200	0.00220	0.00895	0.00895	1.19963	1.19963
