ID            : 5949
TypeExp       : DISNEU
TypeTheo      : SIG
TypeCurrent   : CCWP
A1            : 56
A2            : 0
Z1            : 26
Z2            : 0
KinVar        : [X, Q2, Y ]

X	Q2	Y	data	theory	totError	totErrorUncor	chi2Naive	chi2Corr
0.175	4.976	0.659	1.52500	1.63259	0.10116	0.10116	1.13108	1.13108
0.225	4.922	0.507	1.45900	1.55475	0.11440	0.11440	0.70054	0.70054
0.225	6.398	0.659	1.40900	1.52681	0.10432	0.10432	1.27526	1.27526
0.275	4.645	0.392	1.29700	1.41483	0.09405	0.09405	1.56958	1.56958
0.275	6.016	0.507	1.40900	1.38951	0.08554	0.08554	0.05191	0.05191
0.275	7.819	0.659	1.21900	1.36010	0.06680	0.06680	4.46225	4.46225
0.350	7.657	0.507	0.99100	1.09220	0.06501	0.06501	2.42331	2.42331
0.350	9.952	0.659	1.00200	1.06214	0.06111	0.06111	0.96848	0.96848
0.450	9.844	0.507	0.71300	0.70129	0.05748	0.05748	0.04151	0.04151
0.450	12.796	0.659	0.62700	0.67402	0.05336	0.05336	0.77647	0.77647
0.550	15.639	0.659	0.37200	0.36878	0.02754	0.02754	0.01371	0.01371
0.125	4.621	0.659	1.60200	1.66169	0.12835	0.12835	0.21625	0.21625
0.175	4.977	0.507	1.59000	1.67246	0.10626	0.10626	0.60226	0.60226
0.175	6.469	0.659	1.55700	1.64230	0.10355	0.10355	0.67850	0.67850
0.225	4.941	0.392	1.51400	1.57732	0.12268	0.12268	0.26638	0.26638
0.225	6.399	0.507	1.45400	1.55142	0.11485	0.11485	0.71961	0.71961
0.225	8.317	0.659	1.53600	1.52038	0.10690	0.10690	0.02134	0.02134
0.275	4.628	0.300	1.25300	1.42646	0.10342	0.10342	2.81289	2.81289
0.275	6.039	0.392	1.38800	1.40225	0.09612	0.09612	0.02199	0.02199
0.275	7.821	0.507	1.26600	1.37432	0.08138	0.08138	1.77142	1.77142
0.275	10.165	0.659	1.29500	1.34289	0.07338	0.07338	0.42599	0.42599
0.350	7.686	0.392	1.05200	1.09639	0.07323	0.07323	0.36737	0.36737
0.350	9.954	0.507	1.07300	1.06737	0.06738	0.06738	0.00699	0.00699
0.350	12.938	0.659	0.96100	1.03680	0.06051	0.06051	1.56937	1.56937
0.450	9.882	0.392	0.67300	0.70110	0.06138	0.06138	0.20955	0.20955
0.450	12.797	0.507	0.64100	0.67455	0.04980	0.04980	0.45383	0.45383
0.450	16.634	0.659	0.61500	0.64834	0.05326	0.05326	0.39204	0.39204
0.550	15.641	0.507	0.41100	0.36827	0.03354	0.03354	1.62353	1.62353
0.550	20.331	0.659	0.37800	0.34901	0.02759	0.02759	1.10406	1.10406
0.650	24.027	0.659	0.16700	0.15654	0.01725	0.01725	0.36759	0.36759
0.125	4.625	0.507	1.68400	1.72230	0.12801	0.12801	0.08950	0.08950
0.125	6.011	0.659	1.76000	1.68850	0.11714	0.11714	0.37252	0.37252
0.175	5.000	0.392	1.57400	1.70886	0.12425	0.12425	1.17814	1.17814
0.175	6.475	0.507	1.64800	1.68176	0.11662	0.11662	0.08380	0.08380
0.175	8.416	0.659	1.78200	1.64800	0.11011	0.11011	1.48107	1.48107
0.225	4.926	0.300	1.41800	1.59759	0.11523	0.11523	2.42888	2.42888
0.225	6.428	0.392	1.52800	1.57385	0.10535	0.10535	0.18938	0.18938
0.225	8.325	0.507	1.46600	1.54480	0.09845	0.09845	0.64072	0.64072
0.225	10.821	0.659	1.56200	1.51120	0.08779	0.08779	0.33483	0.33483
0.275	4.636	0.231	1.34200	1.43589	0.11649	0.11649	0.64955	0.64955
0.275	6.021	0.300	1.43700	1.41411	0.10526	0.10526	0.04730	0.04730
0.275	7.857	0.392	1.34700	1.38714	0.09189	0.09189	0.19080	0.19080
0.275	10.175	0.507	1.28200	1.35715	0.08333	0.08333	0.81347	0.81347
0.275	13.225	0.659	1.42300	1.32411	0.07710	0.07710	1.64511	1.64511
0.350	7.663	0.300	0.98500	1.10087	0.06975	0.06975	2.75954	2.75954
0.350	10.000	0.392	1.02700	1.07187	0.06196	0.06196	0.52449	0.52449
0.350	12.950	0.507	0.94600	1.04231	0.05271	0.05271	3.33873	3.33873
0.350	16.832	0.659	0.99800	1.01149	0.04692	0.04692	0.08266	0.08266
0.450	9.852	0.300	0.66400	0.70171	0.05468	0.05468	0.47571	0.47571
0.450	12.857	0.392	0.65700	0.67474	0.04916	0.04916	0.13017	0.13017
0.450	16.650	0.507	0.66100	0.64921	0.04627	0.04627	0.06495	0.06495
0.450	21.641	0.659	0.63400	0.62416	0.04072	0.04072	0.05838	0.05838
0.550	15.714	0.392	0.37700	0.36756	0.04027	0.04027	0.05492	0.05492
0.550	20.349	0.507	0.32000	0.34874	0.03425	0.03425	0.70414	0.70414
0.550	26.450	0.659	0.32400	0.33138	0.03123	0.03123	0.05579	0.05579
0.650	24.049	0.507	0.14000	0.15624	0.02009	0.02009	0.65354	0.65354
0.650	31.259	0.659	0.14800	0.14595	0.01662	0.01662	0.01520	0.01520
0.080	4.995	0.659	1.77200	1.62109	0.11201	0.11201	1.81537	1.81537
0.125	4.636	0.392	1.73800	1.77707	0.14494	0.14494	0.07267	0.07267
0.125	6.004	0.507	1.69500	1.74842	0.12595	0.12595	0.17992	0.17992
0.125	7.804	0.659	1.79800	1.71052	0.11728	0.11728	0.55637	0.55637
0.175	4.974	0.300	1.68800	1.74094	0.14107	0.14107	0.14082	0.14082
0.175	6.491	0.392	1.61100	1.71770	0.12888	0.12888	0.68542	0.68542
0.175	8.406	0.507	1.73600	1.68693	0.11745	0.11745	0.17456	0.17456
0.175	10.926	0.659	1.61000	1.65005	0.10611	0.10611	0.14246	0.14246
0.225	4.924	0.231	1.61100	1.61425	0.13444	0.13444	0.00058	0.00058
0.225	6.395	0.300	1.57000	1.59413	0.12315	0.12315	0.03838	0.03838
0.225	8.345	0.392	1.50500	1.56708	0.10816	0.10816	0.32940	0.32940
0.225	10.807	0.507	1.51600	1.53543	0.09518	0.09518	0.04166	0.04166
0.225	14.047	0.659	1.51900	1.49968	0.08587	0.08587	0.05065	0.05065
0.275	4.624	0.177	1.50100	1.44386	0.13300	0.13300	0.18455	0.18455
0.275	6.018	0.231	1.46400	1.42378	0.11996	0.11996	0.11239	0.11239
0.275	7.816	0.300	1.26600	1.39926	0.10105	0.10105	1.73883	1.73883
0.275	10.200	0.392	1.25400	1.37014	0.09031	0.09031	1.65370	1.65370
0.275	13.209	0.507	1.30300	1.33849	0.08010	0.08010	0.19638	0.19638
0.275	17.169	0.659	1.30800	1.30423	0.07255	0.07255	0.00270	0.00270
0.350	7.660	0.231	1.03600	1.10442	0.08405	0.08405	0.66259	0.66259
0.350	9.947	0.300	1.00900	1.07686	0.07297	0.07297	0.86489	0.86489
0.350	12.981	0.392	0.99100	1.04727	0.06221	0.06221	0.81812	0.81812
0.350	16.811	0.507	0.97700	1.01742	0.05209	0.05209	0.60192	0.60192
0.350	21.851	0.659	0.92000	0.98666	0.04503	0.04503	2.19144	2.19144
0.450	9.848	0.231	0.68300	0.70205	0.06263	0.06263	0.09256	0.09256
0.450	12.790	0.300	0.63700	0.67589	0.05500	0.05500	0.50003	0.50003
0.450	16.690	0.392	0.64200	0.64994	0.04941	0.04941	0.02579	0.02579
0.450	21.614	0.507	0.62400	0.62551	0.04238	0.04238	0.00126	0.00126
0.450	28.095	0.659	0.57500	0.60165	0.03742	0.03742	0.50718	0.50718
0.550	15.632	0.300	0.36400	0.36770	0.04685	0.04685	0.00623	0.00623
0.550	20.399	0.392	0.34500	0.34845	0.04055	0.04055	0.00723	0.00723
0.550	26.418	0.507	0.34100	0.33146	0.03524	0.03524	0.07327	0.07327
0.550	34.338	0.659	0.32800	0.31525	0.03086	0.03086	0.17063	0.17063
0.650	24.108	0.392	0.14800	0.15593	0.02452	0.02452	0.10457	0.10457
0.650	31.221	0.507	0.15700	0.14584	0.01971	0.01971	0.32054	0.32054
0.650	40.581	0.659	0.13100	0.13664	0.01565	0.01565	0.12972	0.12972
0.045	4.753	0.857	1.70900	1.37667	0.10900	0.10900	9.29518	9.29518
0.080	4.999	0.507	1.80100	1.70707	0.12916	0.12916	0.52891	0.52891
0.080	6.498	0.659	1.71700	1.66327	0.12508	0.12508	0.18457	0.18457
0.080	8.450	0.857	1.76800	1.61660	0.12528	0.12528	1.46049	1.46049
0.125	4.622	0.300	1.78100	1.82515	0.13722	0.13722	0.10353	0.10353
0.125	6.032	0.392	1.86000	1.80314	0.12193	0.12193	0.21751	0.21751
0.125	7.811	0.507	1.89000	1.77012	0.11139	0.11139	1.15815	1.15815
0.125	10.153	0.659	1.70400	1.72841	0.10393	0.10393	0.05516	0.05516
0.125	13.204	0.857	1.73100	1.68641	0.10384	0.10384	0.18438	0.18438
0.175	4.983	0.231	1.73000	1.76748	0.14731	0.14731	0.06475	0.06475
0.175	6.471	0.300	1.75600	1.74967	0.13185	0.13185	0.00230	0.00230
0.175	8.444	0.392	1.66900	1.72249	0.10917	0.10917	0.24008	0.24008
0.175	10.936	0.507	1.74400	1.68845	0.09559	0.09559	0.33771	0.33771
0.175	14.214	0.659	1.56600	1.64880	0.08649	0.08649	0.91654	0.91654
0.175	18.485	0.857	1.69100	1.60932	0.08857	0.08857	0.85036	0.85036
0.225	4.922	0.177	1.59300	1.62798	0.13580	0.13580	0.06635	0.06635
0.225	6.406	0.231	1.72900	1.61067	0.12651	0.12651	0.87491	0.87491
0.225	8.320	0.300	1.48500	1.58719	0.10560	0.10560	0.93651	0.93651
0.225	10.857	0.392	1.38000	1.55735	0.08469	0.08469	4.38565	4.38565
0.225	14.060	0.507	1.52800	1.52347	0.07632	0.07632	0.00353	0.00353
0.225	18.275	0.659	1.44700	1.48589	0.07093	0.07093	0.30065	0.30065
0.225	23.766	0.857	1.47000	1.44846	0.07054	0.07054	0.09329	0.09329
0.275	4.627	0.137	1.21100	1.45018	0.12809	0.12809	3.48648	3.48648
0.275	6.016	0.177	1.30300	1.43178	0.12010	0.12010	1.14974	1.14974
0.275	7.830	0.231	1.47000	1.40887	0.11114	0.11114	0.30257	0.30257
0.275	10.168	0.300	1.40800	1.38215	0.09747	0.09747	0.07034	0.07034
0.275	13.270	0.392	1.28800	1.35125	0.07577	0.07577	0.69663	0.69663
0.275	17.185	0.507	1.25100	1.31834	0.06361	0.06361	1.12065	1.12065
0.275	22.337	0.659	1.21400	1.28321	0.05833	0.05833	1.40782	1.40782
0.275	29.048	0.857	1.16000	1.24822	0.05634	0.05634	2.45188	2.45188
0.350	7.657	0.177	1.06300	1.10738	0.08440	0.08440	0.27648	0.27648
0.350	9.965	0.231	1.03600	1.08043	0.07549	0.07549	0.34647	0.34647
0.350	12.942	0.300	1.04600	1.05225	0.06777	0.06777	0.00851	0.00851
0.350	16.889	0.392	0.96400	1.02232	0.05425	0.05425	1.15558	1.15558
0.350	21.871	0.507	0.96100	0.99249	0.04660	0.04660	0.45655	0.45655
0.350	28.428	0.659	0.95100	0.96198	0.04400	0.04400	0.06224	0.06224
0.450	9.845	0.177	0.68400	0.70237	0.07225	0.07225	0.06464	0.06464
0.450	12.812	0.231	0.70300	0.67629	0.06565	0.06565	0.16554	0.16554
0.450	16.639	0.300	0.59800	0.65112	0.05623	0.05623	0.89241	0.89241
0.450	21.714	0.392	0.57500	0.62628	0.04789	0.04789	1.14639	1.14639
0.450	28.120	0.507	0.56500	0.60301	0.04183	0.04183	0.82565	0.82565
0.450	36.551	0.659	0.60100	0.57983	0.03975	0.03975	0.28352	0.28352
0.550	15.659	0.231	0.41600	0.36737	0.05067	0.05067	0.92101	0.92101
0.550	20.337	0.300	0.37200	0.34858	0.04256	0.04256	0.30291	0.30291
0.550	26.539	0.392	0.33200	0.33121	0.03518	0.03518	0.00050	0.00050
0.550	34.369	0.507	0.31200	0.31535	0.02900	0.02900	0.01336	0.01336
0.550	44.673	0.659	0.30600	0.30013	0.02597	0.02597	0.05115	0.05115
0.650	24.034	0.300	0.15800	0.15589	0.02851	0.02851	0.00549	0.00549
0.650	31.365	0.392	0.14400	0.14555	0.02409	0.02409	0.00415	0.00415
0.650	40.618	0.507	0.13400	0.13653	0.02058	0.02058	0.01509	0.01509
0.650	52.795	0.659	0.13400	0.12819	0.01965	0.01965	0.08733	0.08733
0.650	68.658	0.857	0.09700	0.12051	0.01822	0.01822	1.66588	1.66588
0.045	4.751	0.659	1.90400	1.49596	0.11152	0.11152	13.38616	13.38616
0.045	6.179	0.857	1.60900	1.43504	0.10369	0.10369	2.81463	2.81463
0.080	5.018	0.392	2.00900	1.78441	0.13866	0.13866	2.62357	2.62357
0.080	6.498	0.507	1.91600	1.74926	0.13157	0.13157	1.60609	1.60609
0.080	8.446	0.659	2.00700	1.70103	0.13017	0.13017	5.52497	5.52497
0.080	10.984	0.857	1.88300	1.65067	0.12805	0.12805	3.29197	3.29197
0.125	4.626	0.231	1.84500	1.86482	0.14532	0.14532	0.01860	0.01860
0.125	6.008	0.300	1.89900	1.85112	0.12871	0.12871	0.13840	0.13840
0.125	7.840	0.392	1.91600	1.82445	0.11458	0.11458	0.63842	0.63842
0.125	10.153	0.507	1.86600	1.78741	0.10676	0.10676	0.54188	0.54188
0.125	13.197	0.659	1.86300	1.74220	0.10317	0.10317	1.37115	1.37115
0.125	17.163	0.857	1.77500	1.69738	0.10083	0.10083	0.59259	0.59259
0.175	4.977	0.177	1.71000	1.78921	0.15428	0.15428	0.26362	0.26362
0.175	6.477	0.231	1.65100	1.77598	0.13833	0.13833	0.81631	0.81631
0.175	8.411	0.300	1.64700	1.75420	0.11681	0.11681	0.84226	0.84226
0.175	10.976	0.392	1.71800	1.72354	0.10158	0.10158	0.00298	0.00298
0.175	14.215	0.507	1.77700	1.68662	0.09311	0.09311	0.94215	0.94215
0.175	18.476	0.659	1.70300	1.64453	0.08710	0.08710	0.45071	0.45071
0.175	24.028	0.857	1.66000	1.60292	0.08460	0.08460	0.45534	0.45534
0.225	4.920	0.137	1.40900	1.63899	0.14042	0.14042	2.68279	2.68279
0.225	6.398	0.177	1.44100	1.62436	0.12778	0.12778	2.05903	2.05903
0.225	8.327	0.231	1.39400	1.60361	0.11396	0.11396	3.38313	3.38313
0.225	10.814	0.300	1.57400	1.57733	0.09953	0.09953	0.00112	0.00112
0.225	14.113	0.392	1.53100	1.54510	0.08316	0.08316	0.02873	0.02873
0.225	18.276	0.507	1.49700	1.50933	0.07468	0.07468	0.02725	0.02725
0.225	23.755	0.659	1.49400	1.47028	0.07101	0.07101	0.11156	0.11156
0.225	30.893	0.857	1.42200	1.43158	0.06927	0.06927	0.01912	0.01912
0.275	4.626	0.105	1.42400	1.45523	0.14908	0.14908	0.04389	0.04389
0.275	6.014	0.137	1.27000	1.43822	0.13271	0.13271	1.60660	1.60660
0.275	7.820	0.177	1.36400	1.41696	0.12124	0.12124	0.19082	0.19082
0.275	10.177	0.231	1.30800	1.39180	0.10325	0.10325	0.65880	0.65880
0.275	13.217	0.300	1.34100	1.36328	0.08654	0.08654	0.06629	0.06629
0.275	17.249	0.392	1.35000	1.33101	0.07229	0.07229	0.06900	0.06900
0.275	22.337	0.507	1.33100	1.29720	0.06423	0.06423	0.27690	0.27690
0.275	29.034	0.659	1.24200	1.26139	0.05876	0.05876	0.10890	0.10890
0.275	37.758	0.857	1.14700	1.22569	0.05497	0.05497	2.04964	2.04964
0.350	7.654	0.137	0.94700	1.10979	0.08968	0.08968	3.29459	3.29459
0.350	9.953	0.177	0.98100	1.08364	0.08180	0.08180	1.57450	1.57450
0.350	12.953	0.231	1.05800	1.05604	0.07508	0.07508	0.00068	0.00068
0.350	16.822	0.300	0.99200	1.02749	0.06109	0.06109	0.33750	0.33750
0.350	21.953	0.392	0.99700	0.99755	0.05153	0.05153	0.00011	0.00011
0.350	28.429	0.507	0.95400	0.96793	0.04584	0.04584	0.09235	0.09235
0.350	36.953	0.659	0.94900	0.93735	0.04284	0.04284	0.07394	0.07394
0.350	48.055	0.857	0.94300	0.90694	0.04263	0.04263	0.71571	0.71571
0.450	9.841	0.137	0.62800	0.70265	0.07555	0.07555	0.97627	0.97627
0.450	12.797	0.177	0.74100	0.67689	0.07251	0.07251	0.78169	0.78169
0.450	16.654	0.231	0.61000	0.65179	0.06136	0.06136	0.46395	0.46395
0.450	21.628	0.300	0.56600	0.62769	0.05206	0.05206	1.40403	1.40403
0.450	28.225	0.392	0.58600	0.60402	0.04581	0.04581	0.15475	0.15475
0.450	36.552	0.507	0.56000	0.58139	0.04139	0.04139	0.26722	0.26722
0.450	47.510	0.659	0.53300	0.55883	0.03820	0.03820	0.45730	0.45730
0.450	61.785	0.857	0.50600	0.53672	0.03792	0.03792	0.65639	0.65639
0.550	15.641	0.177	0.33800	0.36732	0.05583	0.05583	0.27577	0.27577
0.550	20.355	0.231	0.34200	0.34847	0.04926	0.04926	0.01725	0.01725
0.550	26.435	0.300	0.33500	0.33152	0.04039	0.04039	0.00743	0.00743
0.550	34.497	0.392	0.30400	0.31529	0.03335	0.03335	0.11463	0.11463
0.550	44.675	0.507	0.28900	0.30038	0.02842	0.02842	0.16045	0.16045
0.550	58.068	0.659	0.27900	0.28598	0.02533	0.02533	0.07593	0.07593
0.550	75.515	0.857	0.27000	0.27218	0.02567	0.02567	0.00721	0.00721
0.650	24.056	0.231	0.17000	0.15572	0.04204	0.04204	0.11538	0.11538
0.650	31.241	0.300	0.16100	0.14560	0.03390	0.03390	0.20628	0.20628
0.650	40.770	0.392	0.14200	0.13635	0.02653	0.02653	0.04539	0.04539
0.650	52.797	0.507	0.12500	0.12817	0.02053	0.02053	0.02384	0.02384
0.650	68.626	0.659	0.13600	0.12053	0.01785	0.01785	0.75071	0.75071
0.650	89.245	0.857	0.09600	0.11342	0.01637	0.01637	1.13247	1.13247
0.045	4.751	0.507	1.96700	1.61181	0.14239	0.14239	6.22203	6.22203
0.045	6.175	0.659	1.91700	1.55455	0.13766	0.13766	6.93289	6.93289
0.045	8.031	0.857	1.73000	1.49042	0.13382	0.13382	3.20543	3.20543
0.080	4.998	0.300	1.92400	1.85153	0.13999	0.13999	0.26804	0.26804
0.080	6.522	0.392	1.99700	1.82708	0.13256	0.13256	1.64316	1.64316
0.080	8.446	0.507	1.91700	1.78712	0.12702	0.12702	1.04539	1.04539
0.080	10.978	0.659	1.94600	1.73430	0.12325	0.12325	2.95042	2.95042
0.080	14.277	0.857	1.86700	1.68086	0.12152	0.12152	2.34650	2.34650
0.125	4.620	0.177	1.82700	1.89717	0.14556	0.14556	0.23239	0.23239
0.125	6.013	0.231	1.80600	1.89075	0.12667	0.12667	0.44765	0.44765
0.125	7.809	0.300	1.96500	1.87238	0.11250	0.11250	0.67776	0.67776
0.125	10.191	0.392	1.91900	1.84140	0.10754	0.10754	0.52069	0.52069
0.125	13.197	0.507	1.91700	1.80065	0.10509	0.10509	1.22577	1.22577
0.125	17.153	0.659	1.91600	1.75218	0.10416	0.10416	2.47363	2.47363
0.125	22.307	0.857	1.82800	1.70456	0.10165	0.10165	1.47475	1.47475
0.175	4.974	0.137	1.78700	1.80663	0.17050	0.17050	0.01325	0.01325
0.175	6.468	0.177	1.81900	1.79758	0.16059	0.16059	0.01779	0.01779
0.175	8.418	0.231	1.54500	1.78028	0.12938	0.12938	3.30682	3.30682
0.175	10.932	0.300	1.67300	1.75499	0.11737	0.11737	0.48799	0.48799
0.175	14.267	0.392	1.68400	1.72123	0.10996	0.10996	0.11464	0.11464
0.175	18.476	0.507	1.65000	1.68175	0.10294	0.10294	0.09511	0.09511
0.175	24.015	0.659	1.67900	1.63737	0.10008	0.10008	0.17306	0.17306
0.175	31.230	0.857	1.64700	1.59386	0.09763	0.09763	0.29631	0.29631
0.225	4.920	0.105	1.54000	1.64773	0.17756	0.17756	0.36815	0.36815
0.225	6.395	0.137	1.63700	1.63532	0.16386	0.16386	0.00011	0.00011
0.225	8.316	0.177	1.53800	1.61721	0.15239	0.15239	0.27018	0.27018
0.225	10.823	0.231	1.48400	1.59357	0.11859	0.11859	0.85367	0.85367
0.225	14.056	0.300	1.49700	1.56486	0.09918	0.09918	0.46825	0.46825
0.225	18.343	0.392	1.49000	1.53060	0.08789	0.08789	0.21340	0.21340
0.225	23.755	0.507	1.49600	1.49331	0.08011	0.08011	0.00113	0.00113
0.225	30.876	0.659	1.54100	1.45292	0.07586	0.07586	1.34807	1.34807
0.225	40.153	0.857	1.47900	1.41299	0.07376	0.07376	0.80091	0.80091
0.275	4.610	0.081	1.14900	1.45940	0.15960	0.15960	3.78237	3.78237
0.275	6.013	0.105	1.34500	1.44332	0.16082	0.16082	0.37382	0.37382
0.275	7.817	0.137	1.29800	1.42343	0.13716	0.13716	0.83620	0.83620
0.275	10.165	0.177	1.31700	1.39990	0.13147	0.13147	0.39760	0.39760
0.275	13.228	0.231	1.24900	1.37287	0.10277	0.10277	1.45287	1.45287
0.275	17.179	0.300	1.34700	1.34295	0.08908	0.08908	0.00206	0.00206
0.275	22.419	0.392	1.32400	1.30971	0.08050	0.08050	0.03153	0.03153
0.275	29.033	0.507	1.25200	1.27517	0.07284	0.07284	0.10118	0.10118
0.275	37.738	0.659	1.24900	1.23859	0.06894	0.06894	0.02280	0.02280
0.275	49.076	0.857	1.22600	1.20224	0.06863	0.06863	0.11987	0.11987
0.350	7.653	0.105	1.16200	1.11170	0.10304	0.10304	0.23834	0.23834
0.350	9.948	0.137	1.07300	1.08618	0.09598	0.09598	0.01885	0.01885
0.350	12.937	0.177	1.02500	1.05936	0.08529	0.08529	0.16232	0.16232
0.350	16.836	0.231	0.96000	1.03136	0.07209	0.07209	0.97990	0.97990
0.350	21.865	0.300	1.02000	1.00277	0.06581	0.06581	0.06859	0.06859
0.350	28.534	0.392	0.96100	0.97301	0.06175	0.06175	0.03784	0.03784
0.350	36.951	0.507	0.95400	0.94329	0.05842	0.05842	0.03363	0.03363
0.350	48.030	0.659	0.92400	0.91267	0.05643	0.05643	0.04034	0.04034
0.350	62.460	0.857	0.85400	0.88221	0.05520	0.05520	0.26110	0.26110
0.450	9.839	0.105	0.66200	0.70287	0.10118	0.10118	0.16318	0.16318
0.450	12.791	0.137	0.70200	0.67734	0.09380	0.09380	0.06911	0.06911
0.450	16.633	0.177	0.64500	0.65255	0.07988	0.07988	0.00892	0.00892
0.450	21.646	0.231	0.59000	0.62851	0.06382	0.06382	0.36417	0.36417
0.450	28.112	0.300	0.59200	0.60555	0.05176	0.05176	0.06853	0.06853
0.450	36.686	0.392	0.56600	0.58252	0.04154	0.04154	0.15815	0.15815
0.450	47.509	0.507	0.57800	0.56047	0.03583	0.03583	0.23932	0.23932
0.450	61.752	0.659	0.54400	0.53843	0.03080	0.03080	0.03277	0.03277
0.450	80.306	0.857	0.54000	0.51674	0.03008	0.03008	0.59832	0.59832
0.550	15.633	0.137	0.36000	0.36725	0.05491	0.05491	0.01742	0.01742
0.550	20.329	0.177	0.35200	0.34852	0.04875	0.04875	0.00508	0.00508
0.550	26.456	0.231	0.31400	0.33152	0.04192	0.04192	0.17469	0.17469
0.550	34.359	0.300	0.31200	0.31568	0.03460	0.03460	0.01131	0.01131
0.550	44.838	0.392	0.29800	0.30042	0.03017	0.03017	0.00644	0.00644
0.550	58.067	0.507	0.27700	0.28631	0.02701	0.02701	0.11872	0.11872
0.550	75.475	0.659	0.29200	0.27258	0.02500	0.02500	0.60353	0.60353
0.550	98.152	0.857	0.26400	0.25932	0.02523	0.02523	0.03437	0.03437
0.650	24.025	0.177	0.20400	0.15567	0.05087	0.05087	0.90272	0.90272
0.650	31.267	0.231	0.17100	0.14550	0.04205	0.04205	0.36785	0.36785
0.650	40.606	0.300	0.15100	0.13644	0.03283	0.03283	0.19682	0.19682
0.650	52.991	0.392	0.14900	0.12805	0.02688	0.02688	0.60760	0.60760
0.650	68.624	0.507	0.12000	0.12055	0.02051	0.02051	0.00072	0.00072
0.650	89.198	0.659	0.12800	0.11347	0.01780	0.01780	0.66568	0.66568
0.650	115.998	0.857	0.10600	0.10680	0.01641	0.01641	0.00240	0.00240
0.045	4.769	0.392	2.07000	1.71483	0.17306	0.17306	4.21203	4.21203
0.045	6.176	0.507	2.03800	1.67212	0.16443	0.16443	4.95095	4.95095
0.045	8.028	0.659	2.08700	1.61013	0.15995	0.15995	8.88897	8.88897
0.045	10.440	0.857	1.78100	1.54257	0.15275	0.15275	2.43635	2.43635
0.080	5.003	0.231	2.01700	1.90695	0.17690	0.17690	0.38703	0.38703
0.080	6.497	0.300	2.10100	1.89500	0.16899	0.16899	1.48596	1.48596
0.080	8.479	0.392	1.96300	1.86542	0.15414	0.15414	0.40080	0.40080
0.080	10.980	0.507	2.08700	1.82048	0.14971	0.14971	3.16928	3.16928
0.080	14.272	0.659	1.92500	1.76371	0.14116	0.14116	1.30550	1.30550
0.080	18.560	0.857	1.93800	1.70698	0.14001	0.14001	2.72266	2.72266
0.125	4.619	0.137	1.79200	1.92311	0.18258	0.18258	0.51562	0.51562
0.125	6.006	0.177	1.80700	1.92317	0.15451	0.15451	0.56525	0.56525
0.125	7.817	0.231	1.90700	1.91198	0.13556	0.13556	0.00135	0.00135
0.125	10.152	0.300	1.92800	1.88928	0.12977	0.12977	0.08904	0.08904
0.125	13.248	0.392	1.88400	1.85425	0.12427	0.12427	0.05731	0.05731
0.125	17.156	0.507	1.81200	1.81007	0.11895	0.11895	0.00026	0.00026
0.125	22.299	0.659	1.74800	1.75843	0.11628	0.11628	0.00804	0.00804
0.125	28.999	0.857	1.76100	1.70806	0.11512	0.11512	0.21149	0.21149
0.175	4.974	0.105	1.98600	1.82045	0.25918	0.25918	0.40797	0.40797
0.175	6.467	0.137	2.01600	1.81490	0.22208	0.22208	0.82000	0.82000
0.175	8.409	0.177	1.76000	1.80174	0.17445	0.17445	0.05724	0.05724
0.175	10.943	0.231	1.86100	1.78082	0.15075	0.15075	0.28291	0.28291
0.175	14.212	0.300	1.77200	1.75238	0.13893	0.13893	0.01994	0.01994
0.175	18.547	0.392	1.73300	1.71585	0.12770	0.12770	0.01803	0.01803
0.175	24.018	0.507	1.62800	1.67399	0.11803	0.11803	0.15184	0.15184
0.175	31.219	0.659	1.65100	1.62755	0.11324	0.11324	0.04288	0.04288
0.175	40.599	0.857	1.57500	1.58230	0.10981	0.10981	0.00442	0.00442
0.225	4.903	0.081	2.01800	1.65473	0.25479	0.25479	2.03289	2.03289
0.225	6.395	0.105	1.50700	1.64401	0.20833	0.20833	0.43252	0.43252
0.225	8.314	0.137	1.63800	1.62808	0.19319	0.19319	0.00264	0.00264
0.225	10.811	0.177	1.57500	1.60704	0.15996	0.15996	0.04011	0.04011
0.225	14.070	0.231	1.55700	1.58089	0.13027	0.13027	0.03364	0.03364
0.225	18.273	0.300	1.47600	1.55011	0.11297	0.11297	0.43036	0.43036
0.225	23.846	0.392	1.60900	1.51420	0.10460	0.10460	0.82141	0.82141
0.225	30.881	0.507	1.45700	1.47550	0.09067	0.09067	0.04164	0.04164
0.225	40.139	0.659	1.43500	1.43378	0.08410	0.08410	0.00021	0.00021
0.225	52.199	0.857	1.41500	1.39272	0.08136	0.08136	0.07499	0.07499
0.275	4.616	0.062	1.58400	1.46245	0.23754	0.23754	0.26183	0.26183
0.275	5.993	0.081	1.20000	1.44757	0.19332	0.19332	1.63992	1.63992
0.275	7.817	0.105	1.17600	1.42854	0.17298	0.17298	2.13133	2.13133
0.275	10.162	0.137	1.32000	1.40634	0.16320	0.16320	0.27989	0.27989
0.275	13.214	0.177	1.26200	1.38091	0.13322	0.13322	0.79675	0.79675
0.275	17.197	0.231	1.29300	1.35243	0.11083	0.11083	0.28750	0.28750
0.275	22.333	0.300	1.26500	1.32150	0.10055	0.10055	0.31571	0.31571
0.275	29.145	0.392	1.23600	1.28745	0.09094	0.09094	0.32007	0.32007
0.275	37.743	0.507	1.30100	1.25209	0.08573	0.08573	0.32549	0.32549
0.275	49.059	0.659	1.23000	1.21480	0.07867	0.07867	0.03732	0.03732
0.275	63.799	0.857	1.26100	1.17776	0.07833	0.07833	1.12938	1.12938
0.350	7.627	0.081	1.02500	1.11350	0.12792	0.12792	0.47867	0.47867
0.350	9.948	0.105	1.00700	1.08817	0.11649	0.11649	0.48547	0.48547
0.350	12.933	0.137	0.92800	1.06196	0.11190	0.11190	1.43317	1.43317
0.350	16.818	0.177	1.01600	1.03472	0.09197	0.09197	0.04142	0.04142
0.350	21.887	0.231	0.98000	1.00665	0.07870	0.07870	0.11466	0.11466
0.350	28.424	0.300	0.98000	0.97822	0.07377	0.07377	0.00058	0.00058
0.350	37.094	0.392	0.95600	0.94832	0.06969	0.06969	0.01215	0.01215
0.350	48.037	0.507	0.90900	0.91851	0.06527	0.06527	0.02125	0.02125
0.350	62.439	0.659	0.90300	0.88781	0.06352	0.06352	0.05716	0.05716
0.350	81.198	0.857	0.88900	0.85719	0.06256	0.06256	0.25851	0.25851
0.450	9.806	0.081	0.82300	0.70337	0.13948	0.13948	0.73560	0.73560
0.450	12.791	0.105	0.64500	0.67767	0.12032	0.12032	0.07371	0.07371
0.450	16.628	0.137	0.68500	0.65309	0.10902	0.10902	0.08569	0.08569
0.450	21.623	0.177	0.67700	0.62935	0.09176	0.09176	0.26973	0.26973
0.450	28.140	0.231	0.66000	0.60645	0.07334	0.07334	0.53310	0.53310
0.450	36.545	0.300	0.59600	0.58410	0.06003	0.06003	0.03930	0.03930
0.450	47.692	0.392	0.55200	0.56165	0.04870	0.04870	0.03924	0.03924
0.450	61.762	0.507	0.56200	0.54009	0.04004	0.04004	0.29947	0.29947
0.450	80.278	0.659	0.55300	0.51844	0.03586	0.03586	0.92893	0.92893
0.450	104.398	0.857	0.50300	0.49701	0.03282	0.03282	0.03330	0.03330
0.550	15.633	0.105	0.32900	0.36717	0.07066	0.07066	0.29176	0.29176
0.550	20.323	0.137	0.35200	0.34852	0.06515	0.06515	0.00285	0.00285
0.550	26.428	0.177	0.30800	0.33164	0.05447	0.05447	0.18836	0.18836
0.550	34.393	0.231	0.31100	0.31575	0.04510	0.04510	0.01110	0.01110
0.550	44.667	0.300	0.31200	0.30085	0.03986	0.03986	0.07822	0.07822
0.550	58.290	0.392	0.29000	0.28640	0.03537	0.03537	0.01034	0.01034
0.550	75.487	0.507	0.26000	0.27294	0.03036	0.03036	0.18171	0.18171
0.550	98.118	0.659	0.25400	0.25974	0.02815	0.02815	0.04164	0.04164
0.550	127.598	0.857	0.25300	0.24689	0.02863	0.02863	0.04557	0.04557
0.650	24.018	0.137	0.20400	0.15560	0.06115	0.06115	0.62633	0.62633
0.650	31.233	0.177	0.16900	0.14548	0.05078	0.05078	0.21456	0.21456
0.650	40.647	0.231	0.15500	0.13637	0.04165	0.04165	0.20008	0.20008
0.650	52.788	0.300	0.14100	0.12815	0.03347	0.03347	0.14735	0.14735
0.650	68.888	0.392	0.13600	0.12046	0.02718	0.02718	0.32687	0.32687
0.650	89.211	0.507	0.11800	0.11351	0.02127	0.02127	0.04452	0.04452
0.650	115.957	0.659	0.10600	0.10687	0.01812	0.01812	0.00233	0.00233
0.650	150.797	0.857	0.12900	0.10054	0.01784	0.01784	2.54529	2.54529
0.015	4.524	0.857	1.72200	1.15586	0.16745	0.16745	11.43063	11.43063
0.045	4.751	0.300	2.26200	1.80339	0.24496	0.24496	3.50496	3.50496
0.045	6.200	0.392	2.36800	1.77727	0.24012	0.24012	6.05225	6.05225
0.045	8.029	0.507	2.09800	1.72932	0.21947	0.21947	2.82202	2.82202
0.045	10.437	0.659	1.94700	1.66282	0.20739	0.20739	1.87765	1.87765
0.045	13.572	0.857	1.73300	1.59117	0.19883	0.19883	0.50880	0.50880
0.080	4.998	0.177	2.07100	1.95204	0.25164	0.25164	0.22348	0.22348
0.080	6.504	0.231	2.20200	1.95110	0.23770	0.23770	1.11408	1.11408
0.080	8.447	0.300	2.20100	1.93406	0.22125	0.22125	1.45566	1.45566
0.080	11.023	0.392	2.06700	1.89916	0.20604	0.20604	0.66357	0.66357
0.080	14.275	0.507	2.13200	1.84992	0.19440	0.19440	2.10556	2.10556
0.080	18.554	0.659	2.02900	1.78903	0.18311	0.18311	1.71735	1.71735
0.080	24.129	0.857	2.13100	1.72868	0.18411	0.18411	4.77491	4.77491
0.125	4.619	0.105	1.74900	1.94369	0.28267	0.28267	0.47441	0.47441
0.125	6.005	0.137	2.19900	1.94915	0.28941	0.28941	0.74525	0.74525
0.125	7.809	0.177	2.02000	1.94443	0.19461	0.19461	0.15080	0.15080
0.125	10.162	0.231	2.21500	1.92881	0.19131	0.19131	2.23781	2.23781
0.125	13.198	0.300	1.90100	1.90206	0.17001	0.17001	0.00004	0.00004
0.125	17.223	0.392	1.97000	1.86333	0.16289	0.16289	0.42881	0.42881
0.125	22.304	0.507	1.88200	1.81574	0.15549	0.15549	0.18159	0.18159
0.125	28.991	0.659	1.85200	1.76102	0.14724	0.14724	0.38184	0.38184
0.125	37.701	0.857	1.81100	1.70827	0.14434	0.14434	0.50658	0.50658
0.175	4.958	0.081	1.82800	1.83134	0.34851	0.34851	0.00009	0.00009
0.175	6.467	0.105	1.55600	1.82864	0.29840	0.29840	0.83479	0.83479
0.175	8.407	0.137	2.03500	1.81893	0.27317	0.27317	0.62565	0.62565
0.175	10.932	0.177	1.85700	1.80210	0.21968	0.21968	0.06245	0.06245
0.175	14.227	0.231	1.83800	1.77794	0.19758	0.19758	0.09241	0.09241
0.175	18.477	0.300	1.86000	1.74668	0.18241	0.18241	0.38593	0.38593
0.175	24.112	0.392	1.84300	1.70760	0.16713	0.16713	0.65633	0.65633
0.175	31.226	0.507	1.70700	1.66357	0.15390	0.15390	0.07962	0.07962
0.175	40.587	0.659	1.67300	1.61522	0.14492	0.14492	0.15899	0.15899
0.175	52.782	0.857	1.47900	1.56826	0.13853	0.13853	0.41514	0.41514
0.225	4.910	0.062	1.98100	1.66008	0.39501	0.39501	0.66005	0.66005
0.225	6.374	0.081	2.09700	1.65101	0.36234	0.36234	1.51501	1.51501
0.225	8.315	0.105	1.79900	1.63670	0.30593	0.30593	0.28143	0.28143
0.225	10.809	0.137	1.69000	1.61780	0.24401	0.24401	0.08755	0.08755
0.225	14.056	0.177	1.78600	1.59421	0.19564	0.19564	0.96106	0.96106
0.225	18.292	0.231	1.82800	1.56590	0.18449	0.18449	2.01834	2.01834
0.225	23.756	0.300	1.47600	1.53344	0.15046	0.15046	0.14577	0.14577
0.225	31.001	0.392	1.61100	1.49601	0.13597	0.13597	0.71518	0.71518
0.225	40.147	0.507	1.45800	1.45590	0.11867	0.11867	0.00031	0.00031
0.225	52.184	0.659	1.38300	1.41296	0.10938	0.10938	0.07502	0.07502
0.225	67.862	0.857	1.36900	1.37068	0.10670	0.10670	0.00025	0.00025
0.275	4.646	0.048	1.89900	1.46459	0.31790	0.31790	1.86729	1.86729
0.275	6.001	0.062	1.32000	1.45063	0.32806	0.32806	0.15856	0.15856
0.275	7.791	0.081	1.40000	1.43282	0.30107	0.30107	0.01189	0.01189
0.275	10.162	0.105	1.29900	1.41144	0.26261	0.26261	0.18333	0.18333
0.275	13.211	0.137	1.62400	1.38730	0.23361	0.23361	1.02662	1.02662
0.275	17.179	0.177	1.36800	1.36039	0.17237	0.17237	0.00195	0.00195
0.275	22.357	0.231	1.31900	1.33084	0.15208	0.15208	0.00606	0.00606
0.275	29.035	0.300	1.43900	1.29908	0.14337	0.14337	0.95241	0.95241
0.275	37.890	0.392	1.36400	1.26412	0.12512	0.12512	0.63724	0.63724
0.275	49.069	0.507	1.24900	1.22800	0.10812	0.10812	0.03774	0.03774
0.275	63.780	0.659	1.22600	1.18997	0.09998	0.09998	0.12990	0.12990
0.275	82.943	0.857	1.15600	1.15211	0.09740	0.09740	0.00160	0.00160
0.350	7.637	0.062	1.01200	1.11456	0.20543	0.20543	0.24924	0.24924
0.350	9.916	0.081	1.04000	1.09005	0.18737	0.18737	0.07136	0.07136
0.350	12.934	0.105	1.20200	1.06400	0.17897	0.17897	0.59455	0.59455
0.350	16.814	0.137	1.35200	1.03735	0.15564	0.15564	4.08729	4.08729
0.350	21.864	0.177	1.13600	1.01002	0.11813	0.11813	1.13734	1.13734
0.350	28.454	0.231	1.12900	0.98210	0.11025	0.11025	1.77553	1.77553
0.350	36.953	0.300	1.00800	0.95349	0.09945	0.09945	0.30039	0.30039
0.350	48.224	0.392	0.88800	0.92347	0.08879	0.08879	0.15960	0.15960
0.350	62.451	0.507	0.90200	0.89355	0.08392	0.08392	0.01015	0.01015
0.350	81.174	0.659	0.81300	0.86265	0.07920	0.07920	0.39301	0.39301
0.350	105.564	0.857	0.87700	0.83169	0.08063	0.08063	0.31578	0.31578
0.450	9.819	0.062	0.99500	0.70337	0.22811	0.22811	1.63448	1.63448
0.450	12.749	0.081	0.66400	0.67824	0.18426	0.18426	0.00597	0.00597
0.450	16.629	0.105	0.90200	0.65350	0.17920	0.17920	1.92310	1.92310
0.450	21.618	0.137	0.76800	0.62996	0.15838	0.15838	0.75967	0.75967
0.450	28.111	0.177	0.62600	0.60735	0.11318	0.11318	0.02716	0.02716
0.450	36.584	0.231	0.55200	0.58506	0.09426	0.09426	0.12298	0.12298
0.450	47.512	0.300	0.55100	0.56326	0.07762	0.07762	0.02494	0.02494
0.450	62.003	0.392	0.50300	0.54129	0.06199	0.06199	0.38157	0.38157
0.450	80.295	0.507	0.46500	0.52010	0.04965	0.04965	1.23166	1.23166
0.450	104.367	0.659	0.49800	0.49869	0.04462	0.04462	0.00024	0.00024
0.450	135.725	0.857	0.47400	0.47735	0.04237	0.04237	0.00624	0.00624
0.550	15.582	0.081	0.34500	0.36735	0.10148	0.10148	0.04850	0.04850
0.550	20.324	0.105	0.43300	0.34851	0.09911	0.09911	0.72684	0.72684
0.550	26.422	0.137	0.39400	0.33170	0.08277	0.08277	0.56662	0.56662
0.550	34.358	0.177	0.37400	0.31592	0.06520	0.06520	0.79349	0.79349
0.550	44.714	0.231	0.29000	0.30098	0.05715	0.05715	0.03689	0.03689
0.550	58.070	0.300	0.26500	0.28687	0.05026	0.05026	0.18927	0.18927
0.550	75.781	0.392	0.26500	0.27308	0.04535	0.04535	0.03175	0.03175
0.550	98.138	0.507	0.23300	0.26013	0.04033	0.04033	0.45270	0.45270
0.550	127.560	0.659	0.23000	0.24732	0.03909	0.03909	0.19639	0.19639
0.550	165.886	0.857	0.22500	0.23472	0.03857	0.03857	0.06353	0.06353
0.650	31.226	0.137	0.19700	0.14544	0.06789	0.06789	0.57669	0.57669
0.650	40.605	0.177	0.21700	0.13638	0.06606	0.06606	1.48954	1.48954
0.650	52.843	0.231	0.16400	0.12812	0.05533	0.05533	0.42059	0.42059
0.650	68.628	0.300	0.13700	0.12058	0.04454	0.04454	0.13582	0.13582
0.650	89.559	0.392	0.13700	0.11345	0.03554	0.03554	0.43904	0.43904
0.650	115.981	0.507	0.11700	0.10693	0.02791	0.02791	0.13020	0.13020
0.650	150.752	0.659	0.09300	0.10062	0.02432	0.02432	0.09830	0.09830
0.650	196.047	0.857	0.10000	0.09453	0.02348	0.02348	0.05419	0.05419
